import React from 'react';

const Layer1:React.FC = () => (
  <>
    <polyline
      fill="#dadada"
      stroke="#222222"
      strokeWidth="2"
      strokeLinejoin="round"
      strokeDashoffset=""
      fillRule="nonzero"
      markerStart=""
      markerMid=""
      markerEnd=""
      id="layer_2"
      fillOpacity="0"
      strokeOpacity="0"
      points="337.3388792141724,210.49998824463998 337.3388792141724,210.49998824463998 337.3388792141724,209.80554382779025 337.3388792141724,209.11109941094057 337.3388792141724,207.72221057724116 337.3388792141724,207.02776616039148 338.0333236310221,206.33332174354175 338.7277680478718,205.63887732669204 340.1166568815712,204.94443290984236 341.5055457152706,203.55554407614295 342.1999901321203,202.86109965929325 342.89443454897,202.16665524244354 342.89443454897,202.16665524244354 342.89443454897,201.47221082559383 343.58887896581973,201.47221082559383 343.58887896581973,201.47221082559383 343.58887896581973,201.47221082559383 344.28332338266944,201.47221082559383 344.28332338266944,200.7777664087441 344.28332338266944,200.08332199189442 344.97776779951914,200.08332199189442 344.97776779951914,199.38887757504475 345.67221221636885,199.38887757504475 345.67221221636885,199.38887757504475 345.67221221636885,198.69443315819504 346.36665663321855,198.69443315819504 346.36665663321855,197.99998874134533 347.06110105006826,197.99998874134533 348.44998988376767,197.30554432449563 349.1444343006174,197.30554432449563 349.1444343006174,196.6110999076459 349.8388787174671,196.6110999076459 350.5333231343168,196.6110999076459 350.5333231343168,195.91665549079622 351.2277675511665,195.91665549079622 351.2277675511665,195.91665549079622 351.2277675511665,195.22221107394654 351.9222119680162,195.22221107394654 351.9222119680162,195.22221107394654 351.9222119680162,195.22221107394654 352.6166563848659,195.22221107394654 352.6166563848659,195.22221107394654 352.6166563848659,195.22221107394654 352.6166563848659,195.22221107394654 352.6166563848659,195.22221107394654 353.3111008017156,195.22221107394654 353.3111008017156,195.22221107394654 353.3111008017156,195.91665549079622 353.3111008017156,195.91665549079622 354.0055452185653,195.91665549079622 354.0055452185653,195.22221107394654 354.0055452185653,195.22221107394654 354.6999896354149,194.5277666570968 355.3944340522646,193.8333222402471 356.08887846911426,193.8333222402471 356.783322885964,193.1388778233974 357.47776730281373,193.1388778233974 357.47776730281373,193.1388778233974 358.1722117196635,193.1388778233974 358.86665613651314,192.44443340654774 359.56110055336285,191.749988989698 360.25554497021255,191.0555445728483 360.9499893870622,190.3611001559986 361.64443380391197,190.3611001559986 362.33887822076167,189.6666557391489 363.7277670544611,189.6666557391489 363.7277670544611,189.6666557391489 364.4222114713108,189.6666557391489 365.1166558881605,189.6666557391489 365.81110030501014,188.9722113222992 366.5055447218599,188.9722113222992 367.1999891387096,188.27776690544948 367.8944335555594,187.58332248859975 368.588877972409,187.58332248859975 369.97776680610843,187.58332248859975 370.6722112229582,187.58332248859975 370.6722112229582,187.58332248859975 371.36665563980785,187.58332248859975 372.06110005665755,186.88887807175007 372.75554447350726,186.1944336549004 373.4499888903569,185.4999892380507 374.14443330720667,185.4999892380507 374.14443330720667,184.80554482120095 374.8388777240564,184.80554482120095 375.53332214090614,184.80554482120095 376.9222109746055,184.80554482120095 376.9222109746055,184.80554482120095 377.6166553914552,184.11110040435128 378.31109980830485,183.4166559875016 379.0055442251546,182.72221157065187 379.0055442251546,182.72221157065187 379.6999886420043,182.72221157065187 380.3944330588539,182.72221157065187 381.0888774757036,182.72221157065187 381.0888774757036,182.72221157065187 381.0888774757036,182.72221157065187 381.7833218925534,182.72221157065187 381.7833218925534,182.02776715380216 381.7833218925534,182.02776715380216 382.477766309403,182.02776715380216 382.477766309403,181.33332273695245 383.17221072625273,181.33332273695245 383.86665514310243,181.33332273695245 383.86665514310243,180.63887832010275 384.5610995599521,180.63887832010275 384.5610995599521,180.63887832010275 384.5610995599521,179.94443390325307 385.25554397680185,179.2499894864034 385.25554397680185,179.2499894864034 385.94998839365155,178.55554506955366 385.94998839365155,178.55554506955366 385.94998839365155,178.55554506955366 386.6444328105013,178.55554506955366 386.6444328105013,177.86110065270395 387.33887722735096,177.16665623585425 388.03332164420067,175.77776740215484 388.7277660610504,175.77776740215484 389.4222104779,175.08332298530513 390.1166548947498,174.38887856845543 390.8110993115995,173.69443415160575 391.5055437284492,173.69443415160575 392.19998814529885,172.99998973475604 392.8944325621486,172.99998973475604 393.5888769789983,171.61110090105663 394.2833213958481,170.91665648420692 394.9777658126977,170.22221206735722 395.67221022954743,170.22221206735722 396.36665464639714,169.5277676505075 397.0610990632468,169.5277676505075 397.0610990632468,169.5277676505075 397.75554348009655,169.5277676505075 397.75554348009655,169.5277676505075 397.75554348009655,169.5277676505075 397.75554348009655,168.8333232336578 398.44998789694625,168.8333232336578 398.44998789694625,168.1388788168081 399.144432313796,168.1388788168081 399.144432313796,167.44443439995842 399.144432313796,167.44443439995842 399.83887673064567,167.44443439995842 399.83887673064567,167.44443439995842 399.83887673064567,167.44443439995842 399.83887673064567,166.74998998310872 400.53332114749537,166.055545566259 401.2277655643451,165.3611011494093 401.9222099811947,163.9722123157099 402.6166543980445,163.9722123157099 403.3110988148942,163.2777678988602 403.3110988148942,162.58332348201048 404.00554323174396,162.58332348201048 404.00554323174396,162.58332348201048 404.6999876485936,161.88887906516078 404.6999876485936,161.88887906516078 405.3944320654433,160.4999902314614 406.0888764822929,160.4999902314614 406.0888764822929,159.8055458146117 406.7833208991426,159.11110139776198 407.4777653159923,158.41665698091228 407.4777653159923,158.41665698091228 408.8666541496917,157.02776814721287 408.8666541496917,157.02776814721287 410.25554298339114,155.63887931351346 410.25554298339114,155.63887931351346 410.9499874002408,154.24999047981407 411.64443181709055,154.24999047981407 412.33887623394025,153.55554606296437 413.03332065079,152.86110164611466 413.03332065079,152.86110164611466 413.72776506763967,152.86110164611466 414.4222094844894,152.16665722926496 415.1166539013391,151.47221281241525 415.1166539013391,151.47221281241525 416.5055427350385,151.47221281241525 417.1999871518882,150.77776839556554 417.89443156873796,150.77776839556554 418.5888759855876,150.77776839556554 419.2833204024373,150.08332397871584 419.977764819287,150.08332397871584 420.67220923613667,149.38887956186613 421.36665365298643,148.69443514501643 422.7555424866859,147.99999072816675 423.44998690353555,147.30554631131704 424.83887573723496,147.30554631131704 425.5333201540846,147.30554631131704 426.22776457093437,147.30554631131704 426.22776457093437,147.30554631131704 426.9222089877841,147.30554631131704 426.9222089877841,147.30554631131704 427.61665340463384,146.61110189446734 428.3110978214835,146.61110189446734 429.6999866551829,146.61110189446734 430.39443107203266,146.61110189446734 430.39443107203266,145.91665747761763 431.0888754888822,145.91665747761763 431.78331990573196,145.22221306076793 432.4777643225816,145.22221306076793 433.1722087394313,145.22221306076793 434.56109757313067,144.52776864391822 435.25554198998043,144.52776864391822 435.94998640683013,143.83332422706852 436.6444308236799,143.83332422706852 437.33887524052955,143.83332422706852 438.03331965737925,143.83332422706852 438.72776407422896,143.83332422706852 438.72776407422896,143.1388798102188 439.4222084910786,143.1388798102188 439.4222084910786,142.4444353933691 440.11665290792837,142.4444353933691 440.11665290792837,142.4444353933691 440.11665290792837,142.4444353933691 440.8110973247781,142.4444353933691 440.8110973247781,141.74999097651943 441.50554174162784,141.05554655966972 442.1999861584775,141.05554655966972 442.1999861584775,140.36110214282002 442.8944305753272,140.36110214282002 442.8944305753272,139.6666577259703 443.5888749921769,139.6666577259703 443.5888749921769,139.6666577259703 444.28331940902655,139.6666577259703 444.9777638258763,138.9722133091206 445.672208242726,138.9722133091206 446.3666526595758,138.2777688922709 447.0610970764254,138.2777688922709 447.0610970764254,138.2777688922709 447.75554149327513,138.2777688922709 448.44998591012484,138.2777688922709 449.1444303269746,138.2777688922709 450.53331916067395,138.9722133091206 452.6166524112231,138.9722133091206 454.6999856617722,138.2777688922709 456.0888744954716,138.2777688922709 456.7833189123212,137.5833244754212 457.4777633291709,137.5833244754212 457.4777633291709,137.5833244754212 457.4777633291709,137.5833244754212 457.4777633291709,137.5833244754212 458.17220774602055,136.8888800585715 458.8666521628703,136.19443564172178 458.8666521628703,136.19443564172178 459.56109657972,136.19443564172178 459.56109657972,136.19443564172178 459.56109657972,136.19443564172178 459.56109657972,136.19443564172178 460.2555409965698,136.19443564172178 460.2555409965698,136.19443564172178 460.2555409965698,136.19443564172178 460.9499854134194,135.4999912248721 460.9499854134194,135.4999912248721 462.33887424711884,134.8055468080224 463.0333186639685,134.8055468080224 464.42220749766796,134.8055468080224 465.81109633136737,134.8055468080224 466.5055407482171,134.8055468080224 467.1999851650668,134.8055468080224 467.1999851650668,134.8055468080224 467.89442958191654,134.1111023911727 467.89442958191654,134.1111023911727 468.5888739987662,134.1111023911727 469.2833184156159,134.1111023911727 469.2833184156159,134.1111023911727 469.2833184156159,134.1111023911727 469.2833184156159,134.1111023911727 469.9777628324656,134.1111023911727 469.9777628324656,133.416657974323 470.67220724931525,133.416657974323 470.67220724931525,133.416657974323 471.366651666165,133.416657974323 472.0610960830147,133.416657974323 472.7555404998645,133.416657974323 473.44998491671413,133.416657974323 474.14442933356383,133.416657974323 474.83887375041354,133.416657974323 474.83887375041354,132.72221355747328 475.53331816726313,132.72221355747328 475.53331816726313,132.72221355747328 475.53331816726313,132.02776914062358 476.22776258411284,132.02776914062358 476.22776258411284,132.02776914062358 476.22776258411284,132.02776914062358 476.9222070009625,131.33332472377387 477.61665141781225,130.63888030692416 478.31109583466196,129.94443589007446 479.0055402515117,129.24999147322478 479.69998466836137,128.55554705637508 480.3944290852111,128.55554705637508 480.3944290852111,128.55554705637508 481.0888735020608,127.86110263952537 481.0888735020608,127.86110263952537 481.7833179189104,127.86110263952537 483.1722067526099,127.16665822267566 483.86665116945966,126.47221380582596 483.86665116945966,126.47221380582596 484.5610955863093,125.77776938897625 485.255540003159,125.77776938897625 485.255540003159,125.77776938897625 485.255540003159,125.77776938897625 485.9499844200087,125.77776938897625 485.9499844200087,125.77776938897625 486.64442883685837,125.77776938897625 486.64442883685837,125.77776938897625 486.64442883685837,125.77776938897625 486.64442883685837,125.08332497212655 487.33887325370813,125.08332497212655 487.33887325370813,125.08332497212655 488.72776208740754,125.08332497212655 489.4222065042572,124.38888055527683 490.11665092110695,124.38888055527683 490.81109533795666,123.69443613842712 491.5055397548064,123.69443613842712 492.19998417165607,123.69443613842712 492.8944285885058,122.99999172157746 493.5888730053555,122.99999172157746 493.5888730053555,122.99999172157746 493.5888730053555,122.99999172157746 494.28331742220513,122.99999172157746 494.28331742220513,122.99999172157746 494.9777618390549,122.30554730472775 495.6722062559046,122.30554730472775 496.36665067275436,121.61110288787805 496.36665067275436,121.61110288787805 497.061095089604,121.61110288787805 497.7555395064537,120.91665847102833 498.4499839233034,120.91665847102833 498.4499839233034,120.91665847102833 498.4499839233034,120.91665847102833 499.14442834015307,120.22221405417865 499.83887275700283,119.52776963732893 499.83887275700283,119.52776963732893 500.53331717385254,118.83332522047922 501.22776159070213,118.83332522047922 501.22776159070213,118.13888080362952 501.92220600755184,118.13888080362952 502.6166504244016,118.13888080362952 503.31109484125125,117.44443638677981 504.00553925810095,116.74999196993015 504.69998367495066,116.05554755308043 505.3944280918003,116.05554755308043 506.08887250865007,116.05554755308043 506.08887250865007,115.36110313623072 506.7833169254998,115.36110313623072 508.17220575919913,115.36110313623072 508.17220575919913,115.36110313623072 508.8666501760489,115.36110313623072 509.5610945928986,114.66665871938102 510.949983426598,114.66665871938102 510.949983426598,113.97221430253131 510.949983426598,113.97221430253131 512.3388722602974,113.97221430253131 512.3388722602974,113.27776988568161 513.0333166771471,113.27776988568161 513.7277610939968,113.27776988568161 514.4222055108465,113.27776988568161 515.1166499276962,113.27776988568161 515.811094344546,112.5833254688319 516.5055387613957,112.5833254688319 517.1999831782454,112.5833254688319 517.8944275950951,112.5833254688319 518.5888720119448,112.5833254688319 519.2833164287945,112.5833254688319 519.2833164287945,112.5833254688319 519.9777608456442,112.5833254688319 520.6722052624939,112.5833254688319 521.3666496793436,112.5833254688319 522.0610940961933,113.27776988568161 522.755538513043,113.27776988568161 523.4499829298927,113.97221430253131 524.1444273467424,114.66665871938102 525.5333161804418,115.36110313623072 526.2277605972914,116.05554755308043 526.9222050141411,116.74999196993015 527.6166494309908,116.74999196993015 528.3110938478405,117.44443638677981 529.0055382646902,118.13888080362952 529.69998268154,118.13888080362952 530.3944270983897,118.83332522047922 531.7833159320891,119.52776963732893 532.4777603489388,120.22221405417865 533.1722047657885,120.91665847102833 534.5610935994879,121.61110288787805 535.2555380163376,121.61110288787805 536.644426850037,122.30554730472775 537.3388712668867,122.99999172157746 539.4222045174358,123.69443613842712 540.1166489342855,123.69443613842712 540.8110933511352,124.38888055527683 541.505537767985,125.08332497212655 542.1999821848347,125.08332497212655 542.8944266016844,125.77776938897625 544.2833154353838,125.77776938897625 545.6722042690832,126.47221380582596 546.3666486859329,127.16665822267566 547.7555375196323,127.16665822267566 547.7555375196323,127.86110263952537 549.1444263533317,127.86110263952537 549.8388707701814,128.55554705637508 550.5333151870311,128.55554705637508 551.2277596038808,128.55554705637508 551.2277596038808,128.55554705637508 552.6166484375801,128.55554705637508 553.3110928544298,128.55554705637508 554.0055372712795,129.24999147322478 554.6999816881292,129.24999147322478 554.6999816881292,129.24999147322478 555.394426104979,129.24999147322478 556.7833149386784,128.55554705637508 557.4777593555281,127.86110263952537 558.1722037723778,127.86110263952537 558.8666481892275,127.16665822267566 559.5610926060772,127.16665822267566 560.2555370229269,127.16665822267566 560.9499814397766,126.47221380582596 562.338870273476,126.47221380582596 563.0333146903257,126.47221380582596 563.7277591071754,126.47221380582596 563.7277591071754,126.47221380582596 564.4222035240251,126.47221380582596 565.8110923577245,126.47221380582596 566.5055367745742,127.16665822267566 567.8944256082737,127.16665822267566 568.5888700251234,127.16665822267566 568.5888700251234,127.16665822267566 569.2833144419731,127.86110263952537 569.9777588588228,127.86110263952537 570.6722032756725,127.86110263952537 571.3666476925222,127.86110263952537 572.0610921093719,128.55554705637508 572.7555365262216,128.55554705637508 573.4499809430713,129.24999147322478 574.144425359921,129.94443589007446 574.8388697767707,129.94443589007446 576.2277586104701,130.63888030692416 577.6166474441694,130.63888030692416 578.3110918610191,130.63888030692416 579.0055362778688,130.63888030692416 579.6999806947185,131.33332472377387 580.3944251115682,131.33332472377387 580.3944251115682,131.33332472377387 581.088869528418,132.02776914062358 581.088869528418,132.02776914062358 581.7833139452677,132.02776914062358 581.7833139452677,132.02776914062358 581.7833139452677,132.02776914062358 581.7833139452677,132.02776914062358 582.4777583621174,132.02776914062358 582.4777583621174,132.02776914062358 582.4777583621174,132.02776914062358 583.1722027789671,132.72221355747328 583.1722027789671,132.72221355747328 583.1722027789671,132.72221355747328 583.1722027789671,132.72221355747328 583.8666471958168,132.72221355747328 583.8666471958168,132.72221355747328 584.5610916126665,133.416657974323 584.5610916126665,133.416657974323 585.9499804463659,134.1111023911727 585.9499804463659,134.8055468080224 586.6444248632156,134.8055468080224 587.3388692800653,135.4999912248721 588.033313696915,135.4999912248721 588.7277581137647,135.4999912248721 589.4222025306144,136.19443564172178 589.4222025306144,136.19443564172178 590.1166469474641,136.19443564172178 590.1166469474641,136.8888800585715 590.8110913643138,136.8888800585715 591.5055357811635,136.8888800585715 592.1999801980132,137.5833244754212 592.1999801980132,137.5833244754212 592.8944246148629,137.5833244754212 593.5888690317126,137.5833244754212 594.2833134485624,138.2777688922709 594.9777578654121,138.2777688922709 595.6722022822618,138.9722133091206 595.6722022822618,138.9722133091206 596.3666466991115,139.6666577259703 597.0610911159612,139.6666577259703 597.7555355328109,139.6666577259703 598.4499799496606,140.36110214282002 599.1444243665103,141.05554655966972 599.83886878336,141.05554655966972 601.2277576170594,141.74999097651943 601.9222020339091,141.74999097651943 602.6166464507587,142.4444353933691 603.3110908676084,142.4444353933691 604.0055352844581,142.4444353933691 604.6999797013078,143.1388798102188 605.3944241181575,143.1388798102188 606.0888685350072,143.83332422706852 606.7833129518569,144.52776864391822 608.8666462024061,145.22221306076793 609.5610906192558,145.91665747761763 610.9499794529552,146.61110189446734 611.6444238698049,146.61110189446734 612.3388682866546,146.61110189446734 613.0333127035043,146.61110189446734 613.727757120354,147.30554631131704 614.4222015372037,147.99999072816675 615.1166459540534,147.99999072816675 615.8110903709031,148.69443514501643 616.5055347877528,149.38887956186613 617.1999792046025,149.38887956186613 617.8944236214522,149.38887956186613 618.5888680383019,150.08332397871584 619.2833124551516,150.08332397871584 619.9777568720014,150.08332397871584 619.9777568720014,150.08332397871584 620.672201288851,150.77776839556554 621.3666457057008,151.47221281241525 622.0610901225505,152.16665722926496 623.4499789562499,152.86110164611466 625.533312206799,152.86110164611466 625.533312206799,153.55554606296437 626.2277566236487,153.55554606296437 627.6166454573481,154.24999047981407 628.3110898741977,154.94443489666375 629.0055342910474,155.63887931351346 630.3944231247468,156.33332373036316 631.0888675415965,156.33332373036316 631.7833119584462,157.02776814721287 632.4777563752959,157.02776814721287 633.1722007921456,157.02776814721287 633.8666452089954,157.72221256406257 635.2555340426948,157.72221256406257 635.9499784595445,158.41665698091228 636.6444228763942,159.11110139776198 638.7277561269433,159.8055458146117 640.1166449606427,160.4999902314614 642.8944226280415,161.88887906516078 645.6722002954403,162.58332348201048 647.7555335459895,163.2777678988602 648.4499779628392,163.2777678988602 649.8388667965386,163.9722123157099 650.5333112133883,163.9722123157099 651.227755630238,164.6666567325596 651.227755630238,164.6666567325596 651.9222000470877,164.6666567325596 653.311088880787,164.6666567325596 654.0055332976367,164.6666567325596 654.6999777144864,164.6666567325596 655.3944221313361,165.3611011494093 656.0888665481858,165.3611011494093 656.7833109650355,165.3611011494093 657.4777553818852,166.055545566259 658.8666442155846,166.74998998310872 659.5610886324343,167.44443439995842 660.255533049284,167.44443439995842 661.6444218829835,167.44443439995842 662.3388662998332,167.44443439995842 663.0333107166829,168.1388788168081 665.8110883840817,169.5277676505075 667.8944216346308,170.22221206735722 669.2833104683302,170.91665648420692 669.9777548851799,170.91665648420692 670.6721993020296,171.61110090105663 671.3666437188793,171.61110090105663 672.061088135729,171.61110090105663 672.7555325525788,171.61110090105663 673.4499769694285,171.61110090105663 673.4499769694285,171.61110090105663 673.4499769694285,172.30554531790634 674.1444213862782,172.30554531790634 674.8388658031279,172.99998973475604 675.5333102199776,173.69443415160575 676.2277546368273,173.69443415160575 676.922199053677,174.38887856845543 677.6166434705267,174.38887856845543 678.3110878873764,174.38887856845543 679.005532304226,175.08332298530513 679.6999767210757,175.08332298530513 680.3944211379254,175.77776740215484 681.0888655547751,176.47221181900454 681.7833099716248,177.16665623585425 681.7833099716248,177.86110065270395 683.1721988053242,177.86110065270395 683.8666432221739,178.55554506955366 684.5610876390236,179.2499894864034 685.2555320558733,179.94443390325307 685.949976472723,180.63887832010275 686.6444208895728,181.33332273695245 687.3388653064225,182.02776715380216 687.3388653064225,182.72221157065187 688.0333097232722,183.4166559875016 688.0333097232722,184.11110040435128 688.7277541401219,184.11110040435128 688.7277541401219,184.11110040435128 688.7277541401219,184.80554482120095 688.7277541401219,184.80554482120095 688.7277541401219,185.4999892380507 688.7277541401219,186.1944336549004 689.4221985569716,186.88887807175007 689.4221985569716,187.58332248859975 688.7277541401219,188.27776690544948 688.7277541401219,188.9722113222992 688.7277541401219,188.9722113222992 688.7277541401219,189.6666557391489 688.0333097232722,190.3611001559986 688.0333097232722,191.0555445728483 687.3388653064225,191.749988989698 687.3388653064225,192.44443340654774 687.3388653064225,193.1388778233974 686.6444208895728,194.5277666570968 686.6444208895728,194.5277666570968 685.949976472723,195.22221107394654 685.2555320558733,195.91665549079622 684.5610876390236,196.6110999076459 683.8666432221739,197.30554432449563 683.1721988053242,197.99998874134533 683.1721988053242,197.99998874134533 682.4777543884745,198.69443315819504 681.0888655547751,200.08332199189442 681.0888655547751,200.08332199189442 680.3944211379254,200.7777664087441 679.6999767210757,201.47221082559383 679.005532304226,202.16665524244354 678.3110878873764,203.55554407614295 677.6166434705267,204.24998849299268 676.922199053677,204.24998849299268 676.922199053677,204.94443290984236 676.2277546368273,204.94443290984236 676.2277546368273,204.94443290984236 676.2277546368273,205.63887732669204 676.2277546368273,205.63887732669204 676.2277546368273,205.63887732669204 676.2277546368273,205.63887732669204 675.5333102199776,205.63887732669204 675.5333102199776,206.33332174354175 675.5333102199776,206.33332174354175 674.8388658031279,207.02776616039148 674.1444213862782,207.72221057724116 673.4499769694285,209.11109941094057 673.4499769694285,209.80554382779025 672.7555325525788,210.49998824463998 672.061088135729,211.19443266148969 672.061088135729,211.8888770783394 672.061088135729,212.5833214951891 671.3666437188793,213.27776591203883 671.3666437188793,213.27776591203883 671.3666437188793,213.27776591203883 671.3666437188793,213.27776591203883 670.6721993020296,213.9722103288885 670.6721993020296,213.9722103288885 669.9777548851799,214.66665474573819 669.9777548851799,215.36109916258783 669.2833104683302,215.36109916258783 668.5888660514805,216.05554357943757 667.8944216346308,217.44443241313698 667.1999772177811,218.13887682998669 666.5055328009314,218.83332124683642 665.8110883840817,218.83332124683642 665.116643967232,219.5277656636861 665.116643967232,220.22221008053583 664.4221995503823,220.9166544973855 664.4221995503823,220.9166544973855 664.4221995503823,221.61109891423519 664.4221995503823,221.61109891423519 663.7277551335326,222.30554333108492 663.0333107166829,222.99998774793463 662.3388662998332,222.99998774793463 661.6444218829835,223.69443216478433 660.9499774661338,224.38887658163404 660.255533049284,225.08332099848377 659.5610886324343,225.77776541533345 658.1721997987349,226.47220983218313 657.4777553818852,227.16665424903286 657.4777553818852,227.86109866588257 656.7833109650355,228.5555430827322 655.3944221313361,229.24998749958192 654.6999777144864,229.94443191643163 654.0055332976367,230.63887633328133 654.0055332976367,230.63887633328133 653.311088880787,231.33332075013104 652.6166444639374,232.02776516698077 651.9222000470877,232.72220958383045 651.227755630238,232.72220958383045 650.5333112133883,233.41665400068013 649.8388667965386,234.11109841752986 649.1444223796889,234.80554283437957 647.7555335459895,236.19443166807898 647.0610891291398,236.8888760849287 647.0610891291398,237.5833205017784 646.36664471229,238.27776491862807 645.6722002954403,238.9722093354778 644.9777558785906,238.9722093354778 644.2833114617409,239.66665375232748 643.5888670448912,239.66665375232748 642.8944226280415,240.3610981691772 642.1999782111918,241.05554258602686 641.5055337943421,241.05554258602686 640.8110893774924,241.74998700287657 639.422200543793,242.44443141972627 638.0333117100936,242.44443141972627 635.2555340426948,243.13887583657598 633.8666452089954,243.13887583657598 632.4777563752959,243.13887583657598 631.0888675415965,243.8333202534257 630.3944231247468,243.8333202534257 629.0055342910474,243.8333202534257 628.3110898741977,244.5277646702754 626.9222010404984,245.22220908712507 626.2277566236487,245.22220908712507 625.533312206799,245.22220908712507 625.533312206799,245.22220908712507 624.8388677899493,245.22220908712507 624.1444233730996,245.22220908712507 623.4499789562499,245.22220908712507 622.7555345394002,245.22220908712507 622.0610901225505,245.9166535039748 619.9777568720014,245.9166535039748 619.2833124551516,245.9166535039748 618.5888680383019,245.9166535039748 617.8944236214522,245.9166535039748 617.1999792046025,245.9166535039748 615.8110903709031,246.6110979208245 615.1166459540534,246.6110979208245 614.4222015372037,247.3055423376742 613.727757120354,247.99998675452392 613.0333127035043,247.99998675452392 612.3388682866546,248.69443117137362 611.6444238698049,249.38887558822333 610.9499794529552,249.38887558822333 609.5610906192558,250.08332000507306 608.8666462024061,250.77776442192274 608.1722017855564,251.47220883877242 607.4777573687066,252.16665325562215 606.7833129518569,252.16665325562215 606.0888685350072,252.86109767247186 606.0888685350072,252.86109767247186 605.3944241181575,252.86109767247186 604.6999797013078,252.86109767247186 604.6999797013078,253.5555420893215 604.0055352844581,254.2499865061712 603.3110908676084,254.2499865061712 602.6166464507587,254.94443092302092 601.9222020339091,255.63887533987065 601.2277576170594,256.33331975672036 599.83886878336,256.33331975672036 599.1444243665103,257.02776417357006 598.4499799496606,257.72220859041977 597.7555355328109,258.4166530072695 597.0610911159612,259.1110974241192 596.3666466991115,259.1110974241192 595.6722022822618,259.8055418409689 594.9777578654121,261.1944306746683 594.2833134485624,261.888875091518 593.5888690317126,261.888875091518 592.8944246148629,262.5833195083677 592.1999801980132,262.5833195083677 591.5055357811635,263.2777639252174 590.1166469474641,263.2777639252174 589.4222025306144,263.9722083420671 588.7277581137647,263.9722083420671 588.033313696915,263.9722083420671 587.3388692800653,263.9722083420671 586.6444248632156,264.6666527589168 585.9499804463659,264.6666527589168 584.5610916126665,265.36109717576653 583.1722027789671,265.36109717576653 581.7833139452677,266.05554159261624 581.088869528418,266.05554159261624 579.6999806947185,266.05554159261624 579.0055362778688,266.05554159261624 578.3110918610191,266.05554159261624 576.9222030273198,266.05554159261624 575.5333141936204,266.05554159261624 574.144425359921,266.05554159261624 573.4499809430713,266.05554159261624 572.7555365262216,266.05554159261624 571.3666476925222,266.05554159261624 570.6722032756725,266.05554159261624 569.9777588588228,266.05554159261624 568.5888700251234,266.05554159261624 567.199981191424,266.05554159261624 566.5055367745742,266.05554159261624 565.8110923577245,266.74998600946583 565.1166479408748,266.74998600946583 564.4222035240251,266.74998600946583 563.0333146903257,266.74998600946583 560.9499814397766,267.44443042631553 558.8666481892275,267.44443042631553 556.7833149386784,267.44443042631553 555.394426104979,268.13887484316524 554.0055372712795,268.13887484316524 553.3110928544298,268.13887484316524 552.6166484375801,268.83331926001495 551.9222040207304,268.83331926001495 550.5333151870311,268.83331926001495 549.8388707701814,269.52776367686465 549.1444263533317,269.52776367686465 547.7555375196323,269.52776367686465 547.0610931027826,269.52776367686465 546.3666486859329,269.52776367686465 543.5888710185341,269.52776367686465 541.505537767985,270.22220809371436 540.1166489342855,270.91665251056406 538.7277601005861,270.91665251056406 538.0333156837364,271.61109692741377 537.3388712668867,271.61109692741377 535.9499824331873,271.61109692741377 533.8666491826382,271.61109692741377 530.3944270983897,272.3055413442635 529.69998268154,272.9999857611132 528.3110938478405,272.9999857611132 528.3110938478405,272.9999857611132 527.6166494309908,272.9999857611132 527.6166494309908,273.6944301779629 526.9222050141411,273.6944301779629 524.8388717635921,274.3888745948126 522.0610940961933,274.3888745948126 520.6722052624939,274.3888745948126 519.9777608456442,274.3888745948126 519.2833164287945,274.3888745948126 518.5888720119448,274.3888745948126 517.8944275950951,274.3888745948126 517.1999831782454,274.3888745948126 516.5055387613957,274.3888745948126 515.811094344546,274.3888745948126 514.4222055108465,273.6944301779629 512.3388722602974,273.6944301779629 511.6444278434477,274.3888745948126 510.949983426598,274.3888745948126 510.25553900974836,274.3888745948126 509.5610945928986,274.3888745948126 508.17220575919913,274.3888745948126 507.4777613423495,274.3888745948126 507.4777613423495,274.3888745948126 506.7833169254998,274.3888745948126 506.7833169254998,274.3888745948126 506.08887250865007,274.3888745948126 505.3944280918003,274.3888745948126 504.69998367495066,274.3888745948126 503.31109484125125,274.3888745948126 501.92220600755184,274.3888745948126 500.53331717385254,274.3888745948126 499.14442834015307,275.0833190116623 498.4499839233034,275.0833190116623 497.7555395064537,275.0833190116623 497.061095089604,274.3888745948126 496.36665067275436,274.3888745948126 494.9777618390549,274.3888745948126 494.28331742220513,274.3888745948126 493.5888730053555,274.3888745948126 492.8944285885058,274.3888745948126 492.19998417165607,274.3888745948126 491.5055397548064,274.3888745948126 490.11665092110695,274.3888745948126 488.72776208740754,274.3888745948126 488.03331767055784,274.3888745948126 488.03331767055784,274.3888745948126 487.33887325370813,274.3888745948126 486.64442883685837,274.3888745948126 486.64442883685837,274.3888745948126 485.9499844200087,274.3888745948126 485.255540003159,274.3888745948126 484.5610955863093,274.3888745948126 483.86665116945966,274.3888745948126 483.86665116945966,274.3888745948126 483.1722067526099,274.3888745948126 483.1722067526099,274.3888745948126 482.4777623357602,274.3888745948126 480.3944290852111,274.3888745948126 479.69998466836137,274.3888745948126 479.69998466836137,274.3888745948126 479.0055402515117,275.0833190116623 479.0055402515117,275.0833190116623 479.0055402515117,275.0833190116623 478.31109583466196,275.0833190116623 478.31109583466196,275.0833190116623 478.31109583466196,275.0833190116623 477.61665141781225,275.0833190116623 477.61665141781225,275.0833190116623 476.9222070009625,275.0833190116623 476.9222070009625,275.0833190116623 476.9222070009625,275.0833190116623 476.22776258411284,275.0833190116623 475.53331816726313,275.0833190116623 475.53331816726313,275.0833190116623 474.83887375041354,275.0833190116623 474.83887375041354,275.0833190116623 474.83887375041354,275.0833190116623 474.83887375041354,275.0833190116623 474.14442933356383,275.0833190116623 474.14442933356383,275.0833190116623 474.14442933356383,275.0833190116623 474.14442933356383,274.3888745948126 474.14442933356383,274.3888745948126 474.14442933356383,274.3888745948126 473.44998491671413,274.3888745948126 473.44998491671413,274.3888745948126 472.7555404998645,274.3888745948126 472.0610960830147,274.3888745948126 471.366651666165,274.3888745948126 469.9777628324656,273.6944301779629 469.9777628324656,273.6944301779629 469.2833184156159,273.6944301779629 468.5888739987662,272.9999857611132 468.5888739987662,272.9999857611132 468.5888739987662,272.9999857611132 467.89442958191654,272.3055413442635 467.89442958191654,272.3055413442635 467.1999851650668,272.3055413442635 467.1999851650668,271.61109692741377 467.1999851650668,271.61109692741377 467.1999851650668,271.61109692741377 466.5055407482171,270.91665251056406 466.5055407482171,270.22220809371436 465.81109633136737,270.22220809371436 465.81109633136737,269.52776367686465 465.1166519145177,268.83331926001495 465.1166519145177,268.13887484316524 465.1166519145177,268.13887484316524 464.42220749766796,268.13887484316524 464.42220749766796,267.44443042631553 464.42220749766796,267.44443042631553 463.72776308081825,266.74998600946583 463.72776308081825,266.05554159261624 463.72776308081825,266.05554159261624 463.72776308081825,265.36109717576653 463.0333186639685,265.36109717576653 463.0333186639685,265.36109717576653 463.0333186639685,264.6666527589168 463.0333186639685,264.6666527589168 463.0333186639685,264.6666527589168 463.0333186639685,263.9722083420671 462.33887424711884,263.9722083420671 461.64442983026913,262.5833195083677 461.64442983026913,261.888875091518 460.9499854134194,261.888875091518 460.9499854134194,261.1944306746683 460.2555409965698,260.4999862578186 459.56109657972,260.4999862578186 459.56109657972,259.8055418409689 459.56109657972,259.8055418409689 459.56109657972,259.8055418409689 459.56109657972,259.8055418409689 458.8666521628703,259.1110974241192 458.17220774602055,258.4166530072695 457.4777633291709,257.72220859041977 456.7833189123212,257.02776417357006 456.0888744954716,257.02776417357006 455.3944300786219,256.33331975672036 454.6999856617722,255.63887533987065 454.00554124492254,254.2499865061712 453.3110968280728,254.2499865061712 452.6166524112231,253.5555420893215 451.9222079943733,253.5555420893215 451.22776357752366,252.86109767247186 450.53331916067395,252.86109767247186 450.53331916067395,252.86109767247186 449.1444303269746,252.16665325562215 448.44998591012484,252.16665325562215 447.75554149327513,252.16665325562215 447.0610970764254,251.47220883877242 447.0610970764254,251.47220883877242 445.672208242726,251.47220883877242 445.672208242726,250.77776442192274 444.28331940902655,250.77776442192274 444.28331940902655,250.08332000507306 443.5888749921769,250.08332000507306 442.8944305753272,250.08332000507306 442.1999861584775,250.08332000507306 441.50554174162784,250.08332000507306 440.11665290792837,250.08332000507306 438.72776407422896,250.08332000507306 437.33887524052955,249.38887558822333 436.6444308236799,249.38887558822333 435.94998640683013,249.38887558822333 435.25554198998043,249.38887558822333 434.56109757313067,249.38887558822333 433.866653156281,249.38887558822333 432.4777643225816,249.38887558822333 431.78331990573196,249.38887558822333 431.0888754888822,249.38887558822333 430.39443107203266,249.38887558822333 429.6999866551829,249.38887558822333 428.3110978214835,249.38887558822333 427.61665340463384,249.38887558822333 426.9222089877841,249.38887558822333 426.22776457093437,249.38887558822333 424.83887573723496,250.08332000507306 422.7555424866859,249.38887558822333 422.06109806983613,249.38887558822333 421.36665365298643,249.38887558822333 421.36665365298643,249.38887558822333 420.67220923613667,249.38887558822333 419.2833204024373,248.69443117137362 418.5888759855876,248.69443117137362 417.89443156873796,248.69443117137362 417.1999871518882,248.69443117137362 416.5055427350385,247.99998675452392 415.8110983181887,247.99998675452392 415.1166539013391,247.99998675452392 414.4222094844894,247.3055423376742 413.72776506763967,246.6110979208245 413.03332065079,246.6110979208245 412.33887623394025,245.9166535039748 411.64443181709055,245.9166535039748 410.9499874002408,245.9166535039748 410.25554298339114,245.22220908712507 409.56109856654143,244.5277646702754 408.8666541496917,243.8333202534257 408.17220973284196,243.13887583657598 407.4777653159923,243.13887583657598 406.7833208991426,242.44443141972627 406.0888764822929,242.44443141972627 405.3944320654433,241.74998700287657 404.00554323174396,240.3610981691772 402.6166543980445,239.66665375232748 401.9222099811947,238.9722093354778 401.2277655643451,238.9722093354778 400.53332114749537,238.27776491862807 399.83887673064567,237.5833205017784 399.144432313796,236.8888760849287 397.75554348009655,236.19443166807898 397.0610990632468,236.19443166807898 396.36665464639714,236.19443166807898 396.36665464639714,236.19443166807898 395.67221022954743,235.49998725122927 394.9777658126977,235.49998725122927 393.5888769789983,235.49998725122927 392.8944325621486,235.49998725122927 392.19998814529885,234.80554283437957 390.8110993115995,234.11109841752986 389.4222104779,233.41665400068013 388.03332164420067,233.41665400068013 386.6444328105013,232.72220958383045 385.94998839365155,232.72220958383045 385.25554397680185,232.72220958383045 385.25554397680185,232.72220958383045 384.5610995599521,232.72220958383045 383.86665514310243,232.72220958383045 383.17221072625273,232.02776516698077 382.477766309403,232.02776516698077 382.477766309403,232.02776516698077 381.7833218925534,231.33332075013104 381.0888774757036,231.33332075013104 380.3944330588539,230.63887633328133 379.6999886420043,230.63887633328133 378.31109980830485,229.94443191643163 377.6166553914552,229.24998749958192 376.9222109746055,228.5555430827322 376.2277665577558,227.86109866588257 374.8388777240564,227.16665424903286 374.14443330720667,227.16665424903286 373.4499888903569,226.47220983218313 372.75554447350726,226.47220983218313 372.06110005665755,226.47220983218313 371.36665563980785,226.47220983218313 369.97776680610843,225.77776541533345 369.28332238925873,225.77776541533345 368.588877972409,225.08332099848377 367.8944335555594,225.08332099848377 367.1999891387096,225.08332099848377 365.81110030501014,224.38887658163404 365.1166558881605,224.38887658163404 363.7277670544611,224.38887658163404 363.03332263761143,224.38887658163404 362.33887822076167,224.38887658163404 362.33887822076167,224.38887658163404 362.33887822076167,223.69443216478433 361.64443380391197,223.69443216478433 361.64443380391197,223.69443216478433 361.64443380391197,223.69443216478433 360.9499893870622,223.69443216478433 360.25554497021255,223.69443216478433 358.86665613651314,223.69443216478433 358.1722117196635,223.69443216478433 357.47776730281373,223.69443216478433 356.783322885964,223.69443216478433 356.783322885964,223.69443216478433 356.783322885964,222.99998774793463 356.08887846911426,222.99998774793463 356.08887846911426,222.99998774793463 355.3944340522646,222.99998774793463 354.0055452185653,222.99998774793463 353.3111008017156,222.99998774793463 352.6166563848659,222.30554333108492 351.9222119680162,222.30554333108492 351.2277675511665,221.61109891423519 350.5333231343168,221.61109891423519 349.8388787174671,220.9166544973855 348.44998988376767,220.22221008053583 347.75554546691797,220.22221008053583 347.06110105006826,219.5277656636861 346.36665663321855,219.5277656636861 345.67221221636885,218.83332124683642 344.97776779951914,218.83332124683642 344.28332338266944,218.83332124683642 344.28332338266944,218.83332124683642 343.58887896581973,218.13887682998669 343.58887896581973,218.13887682998669 343.58887896581973,218.13887682998669 342.89443454897,218.13887682998669 342.89443454897,218.13887682998669 342.89443454897,218.13887682998669 342.1999901321203,218.13887682998669 341.5055457152706,217.44443241313698 340.8111012984209,216.74998799628727 340.1166568815712,216.05554357943757 339.4222124647215,216.05554357943757 338.7277680478718,215.36109916258783 338.7277680478718,214.66665474573819 338.0333236310221,214.66665474573819 337.3388792141724,214.66665474573819 337.3388792141724,213.9722103288885 336.6444347973227,213.9722103288885 335.94999038047297,213.27776591203883 335.94999038047297,213.27776591203883 335.25554596362326,212.5833214951891 335.25554596362326,212.5833214951891 334.56110154677356,212.5833214951891 334.56110154677356,211.8888770783394 334.56110154677356,211.8888770783394 334.56110154677356,211.8888770783394 334.56110154677356,211.8888770783394 333.86665712992385,211.19443266148969 333.86665712992385,211.19443266148969 333.86665712992385,210.49998824463998 333.86665712992385,210.49998824463998 333.86665712992385,209.80554382779025 333.86665712992385,209.80554382779025 333.86665712992385,209.11109941094057 333.86665712992385,209.11109941094057 333.86665712992385,209.11109941094057 333.86665712992385,208.41665499409083 333.86665712992385,208.41665499409083 333.86665712992385,207.72221057724116 333.86665712992385,207.72221057724116 333.86665712992385,207.72221057724116 333.86665712992385,207.72221057724116 333.86665712992385,207.72221057724116 333.86665712992385,207.72221057724116 334.56110154677356,207.72221057724116 334.56110154677356,207.72221057724116 334.56110154677356,207.02776616039148 334.56110154677356,207.02776616039148 335.25554596362326,207.02776616039148 335.25554596362326,207.02776616039148 335.94999038047297,207.02776616039148 336.6444347973227,206.33332174354175 338.0333236310221,205.63887732669204 338.7277680478718,204.94443290984236 338.7277680478718,204.24998849299268 339.4222124647215,204.24998849299268 "
    />
  </>
);
export default Layer1;
