import React from 'react';

const Layer2:React.FC = () => (
  <>
    <polyline
      fill="#990000"
      stroke="#222222"
      strokeWidth="2"
      strokeLinejoin="round"
      strokeDashoffset=""
      fillRule="nonzero"
      markerStart=""
      markerMid=""
      markerEnd=""
      id="layer_0"
      fillOpacity="0"
      strokeOpacity="0"
      points="9.561114461112766,95.22221504758934 10.255558877962471,95.22221504758934 10.255558877962471,95.91665946443906 10.255558877962471,95.91665946443906 10.950003294812177,95.91665946443906 11.644447711661883,95.91665946443906 11.644447711661883,95.91665946443906 11.644447711661883,96.61110388128874 11.644447711661883,96.61110388128874 12.338892128511588,96.61110388128874 13.033336545361268,97.30554829813846 14.422225379060679,98.69443713183787 15.116669795910383,98.69443713183787 15.811114212760089,99.38888154868754 17.2000030464595,100.08332596553724 17.894447463309206,100.08332596553724 18.58889188015891,100.08332596553724 19.283336297008617,100.08332596553724 19.977780713858294,100.77777038238696 20.672225130708,100.77777038238696 21.366669547557706,100.77777038238696 22.06111396440741,100.77777038238696 22.06111396440741,101.47221479923667 22.755558381257117,101.47221479923667 22.755558381257117,101.47221479923667 23.450002798106823,101.47221479923667 23.450002798106823,101.47221479923667 24.14444721495653,101.47221479923667 25.53333604865594,101.47221479923667 26.227780465505617,101.47221479923667 26.922224882355327,102.16665921608637 27.61666929920503,102.16665921608637 28.311113716054738,102.16665921608637 29.00555813290444,102.16665921608637 29.70000254975415,102.16665921608637 29.70000254975415,102.16665921608637 30.39444696660385,102.16665921608637 31.088891383453557,102.16665921608637 31.088891383453557,102.16665921608637 31.783335800303263,102.86110363293608 31.783335800303263,102.86110363293608 32.47778021715294,102.86110363293608 33.172224634002646,102.86110363293608 33.86666905085235,102.16665921608637 33.86666905085235,102.16665921608637 34.56111346770206,102.16665921608637 35.25555788455176,102.16665921608637 35.95000230140147,102.86110363293608 37.33889113510088,102.86110363293608 38.033335551950586,102.86110363293608 38.033335551950586,102.86110363293608 38.033335551950586,102.86110363293608 38.72777996880026,102.86110363293608 38.72777996880026,102.86110363293608 40.116668802499674,103.55554804978578 40.81111321934938,103.55554804978578 40.81111321934938,103.55554804978578 40.81111321934938,103.55554804978578 40.81111321934938,103.55554804978578 41.505557636199086,104.24999246663549 42.20000205304879,104.24999246663549 42.20000205304879,104.24999246663549 42.8944464698985,104.24999246663549 42.8944464698985,104.24999246663549 42.8944464698985,104.94443688348521 42.8944464698985,104.94443688348521 43.5888908867482,104.94443688348521 44.977779720447586,105.63888130033487 45.6722241372973,105.63888130033487 45.6722241372973,105.63888130033487 46.366668554147,105.63888130033487 47.0611129709967,106.33332571718458 47.0611129709967,106.33332571718458 47.75555738784641,106.33332571718458 47.75555738784641,106.33332571718458 48.45000180469612,107.02777013403428 48.45000180469612,107.02777013403428 49.838890638395526,108.41665896773368 50.53333505524523,109.1111033845834 51.22777947209491,109.1111033845834 51.92222388894462,109.80554780143311 52.61666830579432,110.49999221828281 52.61666830579432,110.49999221828281 53.311112722644026,111.19443663513252 54.00555713949373,111.88888105198222 54.700001556343445,111.88888105198222 55.39444597319314,112.5833254688319 56.08889039004285,113.27776988568161 56.08889039004285,113.27776988568161 56.783334806892555,113.97221430253131 56.783334806892555,113.97221430253131 57.47777922374227,114.66665871938102 58.17222364059193,114.66665871938102 58.86666805744164,114.66665871938102 58.86666805744164,115.36110313623072 59.56111247429135,115.36110313623072 60.255556891141055,115.36110313623072 60.255556891141055,116.05554755308043 60.255556891141055,116.05554755308043 60.255556891141055,116.05554755308043 60.95000130799075,116.05554755308043 60.95000130799075,116.05554755308043 61.644445724840466,116.05554755308043 64.42222339223926,116.74999196993015 64.42222339223926,116.74999196993015 65.81111222593867,116.74999196993015 66.50555664278838,116.74999196993015 67.20000105963808,116.74999196993015 67.20000105963808,116.74999196993015 67.89444547648779,116.74999196993015 69.2833343101872,116.74999196993015 69.9777787270369,116.74999196993015 70.67222314388661,116.74999196993015 71.36666756073632,116.74999196993015 72.06111197758602,116.74999196993015 73.45000081128538,117.44443638677983 74.83888964498479,117.44443638677983 76.2277784786842,117.44443638677983 77.61666731238361,117.44443638677983 78.31111172923332,117.44443638677983 79.00555614608302,117.44443638677983 80.39444497978243,117.44443638677983 81.08888939663214,117.44443638677983 81.78333381348185,118.13888080362955 82.47777823033155,118.13888080362955 83.86666706403096,118.13888080362955 84.56111148088067,118.13888080362955 85.25555589773037,118.13888080362955 85.95000031458008,118.13888080362955 87.33888914827943,118.13888080362955 88.03333356512914,118.13888080362955 88.72777798197885,118.13888080362955 89.42222239882855,118.13888080362955 89.42222239882855,118.13888080362955 90.11666681567826,118.13888080362955 90.81111123252796,118.13888080362955 92.20000006622739,118.13888080362955 93.58888889992679,118.13888080362955 95.6722221504759,118.13888080362955 97.06111098417531,118.13888080362955 97.06111098417531,118.13888080362955 97.75555540102503,118.83332522047922 98.44999981787471,118.83332522047922 99.14444423472436,118.83332522047922 99.83888865157407,118.83332522047922 100.53333306842379,119.52776963732893 101.22777748527349,119.52776963732893 101.9222219021232,119.52776963732893 102.6166663189729,119.52776963732893 103.31111073582261,120.22221405417865 104.00555515267231,120.22221405417865 104.69999956952203,120.91665847102833 105.39444398637171,120.91665847102833 106.78333282007114,120.91665847102833 107.47777723692084,120.91665847102833 108.17222165377055,120.91665847102833 108.86666607062025,120.91665847102833 109.56111048746996,120.91665847102833 110.25555490431968,121.61110288787805 110.94999932116936,121.61110288787805 111.644443738019,122.30554730472775 112.33888815486873,122.30554730472775 119.28333232336578,125.77776938897625 119.28333232336578,125.77776938897625 119.97777674021549,126.47221380582596 120.6722211570652,127.16665822267566 121.3666655739149,127.86110263952537 122.06110999076462,128.55554705637508 122.7555544076143,129.24999147322478 123.449998824464,129.24999147322478 123.449998824464,129.24999147322478 124.14444324131372,129.9444358900745 124.83888765816337,129.9444358900745 125.53333207501308,130.6388803069242 126.22777649186278,131.33332472377387 126.92222090871249,131.33332472377387 127.6166653255622,131.33332472377387 129.0055541592616,132.02776914062358 130.39444299296102,132.02776914062358 131.08888740981072,132.02776914062358 131.78333182666043,131.33332472377387 133.17222066035984,131.33332472377387 133.86666507720955,131.33332472377387 134.56110949405925,131.33332472377387 135.25555391090896,131.33332472377387 135.94999832775866,131.33332472377387 135.94999832775866,131.33332472377387 136.64444274460837,131.33332472377387 137.33888716145802,131.33332472377387 138.03333157830772,131.33332472377387 139.42222041200714,132.02776914062358 140.11666482885684,132.72221355747328 140.81110924570655,133.416657974323 142.19999807940596,134.1111023911727 142.89444249625566,134.8055468080224 143.58888691310537,134.8055468080224 144.28333132995508,135.4999912248721 144.97777574680478,136.1944356417218 145.6722201636545,136.88888005857152 146.3666645805042,137.5833244754212 147.0611089973539,138.2777688922709 147.7555534142036,138.2777688922709 148.4499978310533,138.2777688922709 148.4499978310533,138.9722133091206 149.14444224790302,139.6666577259703 149.83888666475266,140.36110214282002 150.53333108160237,141.05554655966972 151.92221991530178,141.74999097651943 151.92221991530178,141.74999097651943 152.6166643321515,141.74999097651943 152.6166643321515,141.74999097651943 153.3111087490012,142.44443539336913 154.0055531658509,143.13887981021884 154.0055531658509,143.13887981021884 154.6999975827006,143.83332422706852 155.3944419995503,144.52776864391822 155.3944419995503,145.22221306076793 156.08888641640002,145.91665747761763 156.78333083324972,146.61110189446734 156.78333083324972,147.30554631131704 157.47777525009943,147.99999072816675 157.47777525009943,148.69443514501646 157.47777525009943,148.69443514501646 158.17221966694913,149.38887956186616 158.86666408379884,150.08332397871584 159.56110850064854,150.77776839556554 159.56110850064854,151.47221281241525 160.25555291749825,151.47221281241525 160.25555291749825,152.16665722926496 161.64444175119766,152.86110164611466 162.3388861680473,153.55554606296437 163.03333058489702,154.24999047981407 164.42221941859643,154.94443489666378 165.11666383544613,155.63887931351348 165.81110825229584,155.63887931351348 166.50555266914554,156.33332373036316 167.19999708599525,156.33332373036316 167.89444150284496,157.02776814721287 167.89444150284496,157.02776814721287 167.89444150284496,157.02776814721287 168.58888591969466,157.02776814721287 168.58888591969466,157.02776814721287 169.28333033654437,157.72221256406257 169.28333033654437,157.72221256406257 170.67221917024378,158.41665698091228 172.0611080039432,158.41665698091228 173.4499968376426,158.41665698091228 175.53333008819166,158.41665698091228 176.22777450504137,158.41665698091228 177.61666333874078,158.41665698091228 179.00555217244022,159.11110139776198 180.39444100613963,159.11110139776198 181.0888854229893,159.8055458146117 182.47777425668872,159.8055458146117 183.86666309038813,159.8055458146117 184.56110750723784,159.11110139776198 185.25555192408757,159.11110139776198 185.94999634093725,159.11110139776198 187.33888517463666,159.11110139776198 188.0333295914863,159.11110139776198 188.0333295914863,159.8055458146117 189.42221842518572,159.8055458146117 190.11666284203542,160.4999902314614 190.81110725888513,160.4999902314614 192.19999609258457,160.4999902314614 193.58888492628392,160.4999902314614 194.28332934313366,160.4999902314614 195.67221817683307,161.1944346483111 197.0611070105325,161.8888790651608 197.7555514273822,162.5833234820105 198.44999584423186,162.5833234820105 198.44999584423186,162.5833234820105 199.1444402610816,162.5833234820105 199.1444402610816,163.2777678988602 200.53332909478092,163.2777678988602 201.22777351163066,163.9722123157099 201.22777351163066,163.9722123157099 201.92221792848036,163.9722123157099 202.61666234533007,164.6666567325596 204.0055511790295,165.3611011494093 205.39444001272886,166.74998998310872 208.17221768012772,166.74998998310872 210.25555093067686,166.74998998310872 211.64443976437622,166.74998998310872 213.0333285980756,166.74998998310872 213.7277730149253,166.74998998310872 214.422217431775,167.44443439995842 215.11666184862472,167.44443439995842 215.81110626547445,167.44443439995842 216.50555068232413,167.44443439995842 217.1999950991738,167.44443439995842 217.1999950991738,167.44443439995842 217.1999950991738,167.44443439995842 217.89443951602354,168.13887881680813 218.58888393287324,168.13887881680813 218.58888393287324,168.83332323365784 219.28332834972295,168.83332323365784 220.67221718342236,169.5277676505075 221.36666160027207,170.22221206735722 222.0611060171218,170.22221206735722 222.75555043397148,170.91665648420692 223.44999485082116,171.61110090105663 224.1444392676709,171.61110090105663 224.8388836845206,172.30554531790634 225.5333281013703,172.99998973475604 226.22777251821995,172.99998973475604 226.22777251821995,173.69443415160575 226.92221693506966,173.69443415160575 227.6166613519194,174.38887856845545 228.31110576876907,175.77776740215484 229.0055501856188,175.77776740215484 229.69999460246848,176.47221181900454 231.0888834361679,177.16665623585425 231.0888834361679,177.86110065270395 231.0888834361679,177.86110065270395 231.7833278530176,177.86110065270395 232.4777722698673,179.2499894864034 233.172216686717,179.94443390325307 233.86666110356674,179.94443390325307 233.86666110356674,180.6388783201028 233.86666110356674,180.6388783201028 234.56110552041642,181.33332273695248 235.2555499372661,181.33332273695248 235.94999435411583,182.02776715380216 236.64443877096554,183.4166559875016 237.33888318781524,184.11110040435128 237.33888318781524,184.11110040435128 238.03332760466495,184.11110040435128 238.03332760466495,184.80554482120095 238.7277720215146,185.4999892380507 239.4222164383643,186.1944336549004 240.116660855214,186.8888780717501 240.81110527206374,187.5833224885998 241.50554968891342,187.5833224885998 241.50554968891342,188.27776690544948 242.1999941057631,188.9722113222992 242.89443852261283,189.6666557391489 243.58888293946254,190.3611001559986 244.28332735631224,191.0555445728483 244.97777177316195,191.0555445728483 245.67221619001168,191.749988989698 246.36666060686136,192.44443340654774 247.06110502371104,193.13887782339742 247.75554944056077,193.13887782339742 248.44999385741045,193.8333222402471 249.14443827426018,194.5277666570968 249.8388826911099,195.91665549079622 250.5333271079596,196.6110999076459 251.92221594165895,196.6110999076459 252.61666035850868,197.30554432449563 253.31110477535836,197.99998874134533 253.31110477535836,197.99998874134533 254.00554919220804,198.69443315819504 254.00554919220804,198.69443315819504 254.69999360905777,199.38887757504475 255.39443802590748,199.38887757504475 256.08888244275715,200.08332199189445 256.78332685960686,200.08332199189445 257.47777127645656,200.08332199189445 257.47777127645656,200.08332199189445 258.866660110156,200.77776640874416 259.5611045270057,201.47221082559383 260.2555489438554,201.47221082559383 260.9499933607051,201.47221082559383 261.6444377775548,202.16665524244354 262.3388821944045,202.16665524244354 263.0333266112542,202.16665524244354 264.4222154449536,202.16665524244354 265.81110427865303,202.86109965929325 267.19999311235244,202.86109965929325 268.58888194605186,202.86109965929325 269.97777077975127,203.55554407614295 271.3666596134507,204.24998849299268 272.7555484471501,204.24998849299268 273.4499928639998,204.24998849299268 273.4499928639998,204.24998849299268 274.8388816976992,204.24998849299268 275.5333261145489,204.24998849299268 275.5333261145489,204.24998849299268 276.9222149482482,204.24998849299268 277.6166593650979,204.24998849299268 278.3111037819476,204.24998849299268 279.69999261564703,204.24998849299268 281.08888144934645,204.24998849299268 281.78332586619615,204.24998849299268 282.47777028304586,204.24998849299268 283.17221469989556,204.24998849299268 283.86665911674527,204.24998849299268 284.561103533595,204.24998849299268 286.6444367841441,204.24998849299268 286.6444367841441,204.24998849299268 287.3388812009938,204.24998849299268 287.3388812009938,204.24998849299268 288.7277700346932,204.24998849299268 289.4222144515429,204.24998849299268 290.1166588683926,204.24998849299268 290.8111032852423,204.24998849299268 290.8111032852423,204.24998849299268 291.50554770209203,204.24998849299268 292.19999211894174,204.24998849299268 293.58888095264115,204.24998849299268 295.67221420319026,204.24998849299268 297.0611030368897,204.94443290984236 297.7555474537394,204.94443290984236 298.4499918705891,204.94443290984236 298.4499918705891,204.94443290984236 299.1444362874388,205.63887732669204 299.1444362874388,205.63887732669204 299.8388807042885,205.63887732669204 301.2277695379879,206.33332174354177 301.9222139548376,206.33332174354177 303.3111027885369,207.02776616039148 304.0055472053866,207.72221057724116 304.0055472053866,207.72221057724116 304.6999916222363,207.72221057724116 305.39443603908603,208.41665499409083 306.08888045593574,208.41665499409083 306.08888045593574,209.11109941094057 306.78332487278544,209.11109941094057 307.47776928963515,209.11109941094057 308.17221370648485,209.11109941094057 308.86665812333456,209.11109941094057 309.56110254018427,209.11109941094057 310.25554695703397,209.80554382779025 311.6444357907334,210.49998824463998 313.0333246244328,211.19443266148969 313.7277690412825,211.19443266148969 314.4222134581322,211.19443266148969 315.1166578749819,211.19443266148969 315.8111022918316,211.19443266148969 316.5055467086813,211.19443266148969 317.199991125531,210.49998824463998 317.89443554238073,210.49998824463998 317.89443554238073,210.49998824463998 317.89443554238073,210.49998824463998 318.58887995923044,210.49998824463998 319.28332437608015,210.49998824463998 319.97776879292985,209.80554382779025 319.97776879292985,209.80554382779025 321.36665762662926,209.80554382779025 322.06110204347897,209.80554382779025 322.06110204347897,209.80554382779025 322.06110204347897,209.80554382779025 322.7555464603287,209.80554382779025 322.7555464603287,209.80554382779025 322.7555464603287,209.80554382779025 322.7555464603287,209.80554382779025 323.4499908771784,209.11109941094057 324.1444352940281,209.11109941094057 324.8388797108778,209.11109941094057 325.5333241277275,209.11109941094057 326.2277685445772,209.11109941094057 326.9222129614269,208.41665499409083 326.9222129614269,208.41665499409083 326.9222129614269,208.41665499409083 326.9222129614269,208.41665499409083 327.6166573782766,208.41665499409083 327.6166573782766,208.41665499409083 327.6166573782766,208.41665499409083 328.3111017951263,208.41665499409083 328.3111017951263,207.72221057724116 329.005546211976,207.72221057724116 329.69999062882573,207.02776616039148 330.39443504567544,206.33332174354177 331.08887946252514,206.33332174354177 331.78332387937485,205.63887732669204 332.47776829622455,205.63887732669204 332.47776829622455,205.63887732669204 332.47776829622455,205.63887732669204 332.47776829622455,205.63887732669204 332.47776829622455,204.94443290984236 333.17221271307426,204.94443290984236 333.17221271307426,204.24998849299268 333.86665712992385,204.24998849299268 333.86665712992385,203.55554407614295 334.56110154677356,203.55554407614295 334.56110154677356,203.55554407614295 334.56110154677356,202.86109965929325 335.25554596362326,202.86109965929325 335.94999038047297,202.16665524244354 335.94999038047297,201.47221082559383 336.6444347973227,201.47221082559383 336.6444347973227,201.47221082559383 336.6444347973227,200.77776640874416 337.3388792141724,200.77776640874416 337.3388792141724,200.08332199189445 338.0333236310221,200.08332199189445 338.7277680478718,199.38887757504475 339.4222124647215,198.69443315819504 341.5055457152706,197.99998874134533 342.1999901321203,197.30554432449563 342.89443454897,196.6110999076459 343.58887896581973,196.6110999076459 343.58887896581973,196.6110999076459 343.58887896581973,195.91665549079622 344.28332338266944,195.91665549079622 344.28332338266944,195.91665549079622 344.97776779951914,195.22221107394654 345.67221221636885,194.5277666570968 346.36665663321855,194.5277666570968 347.06110105006826,193.8333222402471 347.06110105006826,193.8333222402471 347.75554546691797,193.8333222402471 347.75554546691797,193.8333222402471 347.75554546691797,193.13887782339742 347.75554546691797,193.13887782339742 348.44998988376767,193.13887782339742 348.44998988376767,193.13887782339742 348.44998988376767,193.13887782339742 350.5333231343168,192.44443340654774 351.9222119680162,191.0555445728483 351.9222119680162,191.0555445728483 352.6166563848659,190.3611001559986 354.0055452185653,189.6666557391489 355.3944340522647,188.27776690544948 356.08887846911443,187.5833224885998 356.7833228859642,187.5833224885998 357.47776730281385,186.8888780717501 360.9499893870622,185.4999892380507 363.03332263761143,184.11110040435128 363.7277670544611,184.11110040435128 363.7277670544611,183.4166559875016 363.7277670544611,183.4166559875016 364.4222114713108,183.4166559875016 364.4222114713108,183.4166559875016 365.1166558881605,182.72221157065187 365.1166558881605,182.72221157065187 365.1166558881605,182.72221157065187 365.81110030501014,182.72221157065187 365.81110030501014,182.72221157065187 366.5055447218599,182.72221157065187 366.5055447218599,182.02776715380216 367.1999891387096,182.02776715380216 367.8944335555594,181.33332273695248 367.8944335555594,181.33332273695248 369.28332238925873,181.33332273695248 369.28332238925873,180.6388783201028 369.97776680610843,180.6388783201028 370.6722112229582,179.94443390325307 371.36665563980785,179.2499894864034 372.06110005665755,179.2499894864034 372.75554447350726,179.2499894864034 373.4499888903569,178.55554506955366 373.4499888903569,178.55554506955366 374.14443330720667,178.55554506955366 374.14443330720667,178.55554506955366 374.14443330720667,178.55554506955366 374.8388777240564,178.55554506955366 374.8388777240564,177.86110065270395 375.53332214090614,177.86110065270395 376.2277665577558,177.16665623585425 376.9222109746055,176.47221181900454 376.9222109746055,175.77776740215484 377.6166553914552,175.77776740215484 378.31109980830485,175.08332298530516 378.31109980830485,175.08332298530516 379.0055442251546,175.08332298530516 379.0055442251546,175.08332298530516 379.0055442251546,174.38887856845545 379.6999886420043,174.38887856845545 379.6999886420043,174.38887856845545 379.6999886420043,174.38887856845545 380.3944330588541,173.69443415160575 381.0888774757037,172.99998973475604 381.78332189255343,172.30554531790634 382.47776630940314,171.61110090105663 383.1722107262528,171.61110090105663 383.1722107262528,171.61110090105663 383.86665514310255,170.91665648420692 383.86665514310255,170.91665648420692 384.5610995599521,170.91665648420692 385.25554397680185,170.22221206735722 385.94998839365155,169.5277676505075 385.94998839365155,169.5277676505075 385.94998839365155,169.5277676505075 385.94998839365155,169.5277676505075 386.6444328105013,169.5277676505075 386.6444328105013,168.83332323365784 387.33887722735096,168.83332323365784 387.33887722735096,168.83332323365784 387.33887722735096,168.13887881680813 387.33887722735096,168.13887881680813 388.03332164420067,168.13887881680813 388.03332164420067,168.13887881680813 388.03332164420067,167.44443439995842 388.7277660610504,166.74998998310872 388.7277660610504,166.74998998310872 389.4222104779,166.055545566259 390.1166548947498,165.3611011494093 391.5055437284492,164.6666567325596 392.8944325621486,163.2777678988602 393.5888769789983,162.5833234820105 394.2833213958481,162.5833234820105 394.2833213958481,161.8888790651608 394.2833213958481,161.8888790651608 394.9777658126977,161.8888790651608 394.9777658126977,161.8888790651608 394.9777658126977,161.8888790651608 394.9777658126977,161.8888790651608 395.67221022954743,161.1944346483111 396.36665464639714,160.4999902314614 397.0610990632468,159.8055458146117 397.75554348009655,159.11110139776198 397.75554348009655,159.11110139776198 397.75554348009655,159.11110139776198 398.44998789694625,159.11110139776198 398.44998789694625,159.11110139776198 398.44998789694625,159.11110139776198 399.144432313796,159.11110139776198 399.144432313796,158.41665698091228 399.83887673064567,157.72221256406257 400.53332114749537,157.72221256406257 400.53332114749537,157.02776814721287 401.2277655643451,157.02776814721287 402.6166543980445,156.33332373036316 403.3110988148942,154.94443489666378 404.00554323174396,154.24999047981407 404.6999876485936,153.55554606296437 405.3944320654433,153.55554606296437 405.3944320654433,153.55554606296437 405.3944320654433,153.55554606296437 406.088876482293,153.55554606296437 406.088876482293,153.55554606296437 406.088876482293,152.86110164611466 407.47776531599243,152.86110164611466 407.47776531599243,152.86110164611466 407.47776531599243,152.86110164611466 407.47776531599243,152.86110164611466 408.17220973284213,152.16665722926496 408.17220973284213,152.16665722926496 408.17220973284213,152.16665722926496 408.17220973284213,152.16665722926496 408.17220973284213,151.47221281241525 408.17220973284213,151.47221281241525 408.86665414969184,151.47221281241525 408.86665414969184,151.47221281241525 408.86665414969184,150.77776839556554 409.5610985665415,150.08332397871584 410.25554298339114,150.08332397871584 410.25554298339114,150.08332397871584 410.9499874002408,149.38887956186616 410.9499874002408,149.38887956186616 410.9499874002408,149.38887956186616 411.64443181709055,148.69443514501646 412.33887623394025,147.99999072816675 413.03332065079,147.30554631131704 414.4222094844894,146.61110189446734 414.4222094844894,146.61110189446734 414.4222094844894,146.61110189446734 415.1166539013391,146.61110189446734 415.1166539013391,146.61110189446734 415.1166539013391,146.61110189446734 415.8110983181887,145.91665747761763 416.5055427350385,145.22221306076793 416.5055427350385,145.22221306076793 417.1999871518882,144.52776864391822 417.1999871518882,144.52776864391822 417.1999871518882,144.52776864391822 417.89443156873796,144.52776864391822 417.89443156873796,143.83332422706852 417.89443156873796,143.83332422706852 418.5888759855876,143.13887981021884 419.977764819287,142.44443539336913 420.67220923613667,141.74999097651943 420.67220923613667,141.74999097651943 420.67220923613667,141.74999097651943 421.36665365298643,141.74999097651943 421.36665365298643,141.74999097651943 421.36665365298643,141.74999097651943 422.06109806983613,141.74999097651943 422.7555424866859,141.05554655966972 423.44998690353555,141.05554655966972 424.14443132038525,141.05554655966972 425.5333201540846,141.05554655966972 426.22776457093437,141.05554655966972 426.22776457093437,141.05554655966972 426.9222089877841,141.05554655966972 426.9222089877841,141.05554655966972 426.9222089877841,140.36110214282002 426.9222089877841,140.36110214282002 426.9222089877841,140.36110214282002 426.9222089877841,140.36110214282002 427.61665340463384,140.36110214282002 427.61665340463384,140.36110214282002 427.61665340463384,140.36110214282002 427.61665340463384,140.36110214282002 427.61665340463384,139.6666577259703 427.61665340463384,139.6666577259703 427.61665340463384,139.6666577259703 427.61665340463384,139.6666577259703 427.61665340463384,138.9722133091206 427.61665340463384,138.2777688922709 427.61665340463384,136.88888005857152 427.61665340463384,136.1944356417218 427.61665340463384,135.4999912248721 427.61665340463384,134.8055468080224 427.61665340463384,134.8055468080224 426.9222089877841,134.8055468080224 426.9222089877841,134.8055468080224 426.9222089877841,134.1111023911727 426.9222089877841,134.1111023911727 426.22776457093437,133.416657974323 426.22776457093437,133.416657974323 426.22776457093437,133.416657974323 426.22776457093437,133.416657974323 425.5333201540846,132.72221355747328 425.5333201540846,132.72221355747328 425.5333201540846,132.72221355747328 424.83887573723496,132.02776914062358 424.14443132038525,132.02776914062358 422.06109806983613,131.33332472377387 421.36665365298643,131.33332472377387 419.977764819287,130.6388803069242 419.2833204024373,129.9444358900745 418.5888759855876,129.24999147322478 418.5888759855876,129.24999147322478 417.89443156873796,129.24999147322478 417.89443156873796,129.24999147322478 417.89443156873796,129.24999147322478 417.89443156873796,128.55554705637508 417.89443156873796,128.55554705637508 417.89443156873796,128.55554705637508 417.1999871518882,128.55554705637508 417.1999871518882,128.55554705637508 417.1999871518882,127.86110263952537 416.5055427350385,127.16665822267566 416.5055427350385,126.47221380582596 415.8110983181887,125.77776938897625 415.8110983181887,125.08332497212655 415.8110983181887,125.08332497212655 415.8110983181887,124.38888055527687 415.1166539013391,123.69443613842716 415.1166539013391,123.69443613842716 414.4222094844894,122.99999172157746 414.4222094844894,122.30554730472775 414.4222094844894,122.30554730472775 413.72776506763967,121.61110288787805 413.03332065079,121.61110288787805 412.33887623394025,120.91665847102833 412.33887623394025,120.91665847102833 412.33887623394025,120.91665847102833 412.33887623394025,120.22221405417865 411.64443181709055,120.22221405417865 411.64443181709055,120.22221405417865 411.64443181709055,120.22221405417865 410.9499874002408,120.22221405417865 410.9499874002408,119.52776963732893 410.25554298339114,119.52776963732893 409.5610985665415,118.83332522047922 408.86665414969184,118.13888080362955 408.17220973284213,118.13888080362955 407.47776531599243,117.44443638677983 406.78332089914267,117.44443638677983 406.088876482293,116.74999196993015 406.088876482293,116.74999196993015 405.3944320654433,116.74999196993015 404.6999876485936,116.74999196993015 404.6999876485936,116.74999196993015 404.00554323174396,116.05554755308043 403.3110988148942,116.05554755308043 402.6166543980445,116.05554755308043 401.9222099811947,116.05554755308043 400.53332114749537,116.05554755308043 397.75554348009655,114.66665871938102 397.0610990632468,113.97221430253131 395.67221022954743,113.27776988568161 394.9777658126977,112.5833254688319 394.2833213958481,112.5833254688319 393.5888769789983,112.5833254688319 392.19998814529885,112.5833254688319 391.5055437284492,112.5833254688319 390.8110993115995,112.5833254688319 390.1166548947498,112.5833254688319 389.4222104779,111.88888105198222 388.7277660610504,111.88888105198222 388.03332164420067,111.88888105198222 387.33887722735096,111.88888105198222 385.94998839365155,111.88888105198222 385.25554397680185,111.88888105198222 384.5610995599521,111.88888105198222 383.86665514310255,111.88888105198222 383.86665514310255,111.88888105198222 383.86665514310255,111.88888105198222 382.47776630940314,111.19443663513252 381.78332189255343,111.19443663513252 381.0888774757037,111.19443663513252 380.3944330588541,111.19443663513252 379.6999886420043,110.49999221828281 379.0055442251546,109.80554780143311 378.31109980830485,109.80554780143311 377.6166553914552,109.1111033845834 376.9222109746055,109.1111033845834 376.9222109746055,109.1111033845834 376.2277665577558,108.41665896773368 375.53332214090614,108.41665896773368 374.8388777240564,107.722214550884 374.14443330720667,107.02777013403428 373.4499888903569,106.33332571718458 372.06110005665755,106.33332571718458 371.36665563980785,105.63888130033487 370.6722112229582,105.63888130033487 369.97776680610843,105.63888130033487 369.28332238925873,104.94443688348521 368.588877972409,104.24999246663549 367.8944335555594,104.24999246663549 367.1999891387096,103.55554804978578 366.5055447218599,102.86110363293608 365.81110030501014,102.86110363293608 365.1166558881605,102.16665921608637 364.4222114713108,102.16665921608637 363.7277670544611,101.47221479923667 363.03332263761143,101.47221479923667 362.33887822076167,101.47221479923667 361.64443380391197,100.77777038238696 360.9499893870622,100.77777038238696 360.25554497021255,100.08332596553724 359.56110055336285,100.08332596553724 359.56110055336285,99.38888154868754 359.56110055336285,99.38888154868754 358.86665613651326,98.69443713183787 358.17221171966355,98.69443713183787 357.47776730281385,97.30554829813846 356.08887846911443,97.30554829813846 355.3944340522647,96.61110388128874 354.699989635415,95.91665946443906 354.699989635415,95.91665946443906 354.0055452185653,95.91665946443906 354.0055452185653,95.22221504758934 353.3111008017156,95.22221504758934 352.6166563848659,94.52777063073964 352.6166563848659,94.52777063073964 351.9222119680162,93.83332621388993 351.2277675511665,93.83332621388993 350.5333231343168,93.13888179704023 349.8388787174671,93.13888179704023 349.1444343006174,92.44443738019056 348.44998988376767,91.74999296334084 347.75554546691797,91.05554854649114 347.06110105006826,91.05554854649114 346.36665663321855,90.36110412964143 345.67221221636885,90.36110412964143 345.67221221636885,89.66665971279173 344.97776779951914,89.66665971279173 344.97776779951914,89.66665971279173 344.97776779951914,89.66665971279173 344.97776779951914,89.66665971279173 344.28332338266944,89.66665971279173 343.58887896581973,88.97221529594202 342.89443454897,88.97221529594202 342.1999901321203,88.27777087909232 341.5055457152706,88.27777087909232 340.8111012984209,87.58332646224261 338.0333236310221,86.8888820453929 337.3388792141724,86.8888820453929 336.6444347973227,86.8888820453929 335.94999038047297,86.8888820453929 335.94999038047297,86.8888820453929 335.25554596362326,86.19443762854323 332.47776829622455,86.19443762854323 331.08887946252514,86.19443762854323 330.39443504567544,86.19443762854323 330.39443504567544,86.19443762854323 329.69999062882573,86.19443762854323 329.69999062882573,86.19443762854323 329.69999062882573,86.19443762854323 329.005546211976,85.49999321169352 328.3111017951263,85.49999321169352 328.3111017951263,85.49999321169352 326.9222129614269,85.49999321169352 323.4499908771784,85.49999321169352 322.06110204347897,85.49999321169352 318.58887995923044,83.4166599611444 317.199991125531,83.4166599611444 316.5055467086813,82.7222155442947 315.1166578749819,82.02777112744499 314.4222134581322,81.33332671059529 313.7277690412825,81.33332671059529 313.0333246244328,80.63888229374558 313.0333246244328,79.94443787689588 309.56110254018427,78.55554904319649 306.78332487278544,76.47221579264738 306.08888045593574,76.47221579264738 306.08888045593574,76.47221579264738 306.08888045593574,75.77777137579767 305.39443603908603,75.77777137579767 305.39443603908603,75.77777137579767 304.6999916222363,75.77777137579767 304.0055472053866,75.77777137579767 301.9222139548376,75.77777137579767 301.2277695379879,75.77777137579767 299.1444362874388,76.47221579264738 299.1444362874388,76.47221579264738 298.4499918705891,77.16666020949708 297.7555474537394,77.86110462634679 296.36665862003997,78.55554904319649 294.97776978634056,79.24999346004617 293.58888095264115,79.94443787689588 292.89443653579144,80.63888229374558 291.50554770209203,82.02777112744499 290.8111032852423,82.02777112744499 289.4222144515429,82.7222155442947 288.7277700346932,82.7222155442947 288.7277700346932,82.7222155442947 287.3388812009938,83.4166599611444 286.6444367841441,83.4166599611444 284.561103533595,84.11110437799411 283.86665911674527,84.11110437799411 282.47777028304586,84.11110437799411 282.47777028304586,84.11110437799411 281.78332586619615,83.4166599611444 280.39443703249674,83.4166599611444 279.69999261564703,82.7222155442947 279.0055481987973,82.7222155442947 278.3111037819476,82.02777112744499 277.6166593650979,82.02777112744499 277.6166593650979,81.33332671059529 276.9222149482482,81.33332671059529 275.5333261145489,79.94443787689588 275.5333261145489,79.24999346004617 274.8388816976992,79.24999346004617 274.1444372808495,78.55554904319649 274.1444372808495,78.55554904319649 273.4499928639998,77.86110462634679 272.7555484471501,77.16666020949708 272.0611040303004,76.47221579264738 270.672215196601,75.77777137579767 270.672215196601,75.77777137579767 270.672215196601,75.08332695894796 269.97777077975127,75.08332695894796 269.97777077975127,75.08332695894796 269.28332636290156,75.08332695894796 268.58888194605186,75.08332695894796 268.58888194605186,75.08332695894796 268.58888194605186,75.08332695894796 268.58888194605186,74.38888254209826 267.89443752920215,74.38888254209826 267.19999311235244,74.38888254209826 266.50554869550274,74.38888254209826 265.81110427865303,73.69443812524855 265.81110427865303,73.69443812524855 265.81110427865303,73.69443812524855 265.1166598618033,73.69443812524855 264.4222154449536,73.69443812524855 262.3388821944045,72.99999370839885 261.6444377775548,72.99999370839885 261.6444377775548,72.99999370839885 260.9499933607051,72.99999370839885 260.9499933607051,72.99999370839885 260.2555489438554,72.30554929154914 259.5611045270057,72.30554929154914 258.866660110156,72.30554929154914 258.17221569330627,71.61110487469946 257.47777127645656,71.61110487469946 256.08888244275715,70.91666045784976 255.39443802590748,70.91666045784976 254.69999360905777,70.22221604100005 254.00554919220804,70.22221604100005 252.61666035850868,68.83332720730064 251.92221594165895,68.83332720730064 251.92221594165895,68.83332720730064 251.22777152480924,68.13888279045094 250.5333271079596,68.13888279045094 249.14443827426018,67.44443837360123 248.44999385741045,66.05554953990182 247.75554944056077,65.36110512305214 247.06110502371104,65.36110512305214 246.36666060686136,64.66666070620244 245.67221619001168,64.66666070620244 244.97777177316195,64.66666070620244 244.97777177316195,64.66666070620244 244.28332735631224,64.66666070620244 244.28332735631224,64.66666070620244 241.50554968891342,63.97221628935272 239.4222164383643,63.27777187250302 238.03332760466495,63.27777187250302 236.64443877096554,62.583327455653325 235.2555499372661,62.583327455653325 234.56110552041642,61.88888303880362 233.86666110356674,61.88888303880362 232.4777722698673,61.88888303880362 231.7833278530176,61.88888303880362 231.0888834361679,61.88888303880362 230.39443901931816,61.88888303880362 229.69999460246848,61.88888303880362 229.0055501856188,61.88888303880362 228.31110576876907,61.88888303880362 227.6166613519194,61.88888303880362 226.22777251821995,61.88888303880362 224.8388836845206,61.88888303880362 224.1444392676709,62.583327455653325 224.1444392676709,62.583327455653325 223.44999485082116,62.583327455653325 222.75555043397148,62.583327455653325 222.0611060171218,62.583327455653325 222.0611060171218,62.583327455653325 220.67221718342236,62.583327455653325 219.97777276657266,62.583327455653325 219.28332834972295,62.583327455653325 217.89443951602354,62.583327455653325 216.50555068232413,62.583327455653325 215.81110626547445,62.583327455653325 214.422217431775,61.88888303880362 213.7277730149253,61.88888303880362 213.0333285980756,61.88888303880362 212.33888418122595,61.88888303880362 211.64443976437622,61.88888303880362 210.25555093067686,61.88888303880362 209.56110651382713,61.88888303880362 208.17221768012772,61.88888303880362 207.477773263278,61.88888303880362 206.7833288464283,61.88888303880362 206.0888844295786,61.88888303880362 205.39444001272886,61.194438621953914 204.6999955958792,61.194438621953914 204.0055511790295,60.499994205104215 203.31110676217978,60.499994205104215 203.31110676217978,60.499994205104215 203.31110676217978,60.499994205104215 202.61666234533007,60.499994205104215 201.92221792848036,59.8055497882545 201.22777351163066,59.111105371404804 199.83888467793128,58.416660954555105 199.1444402610816,58.416660954555105 198.44999584423186,57.7222165377054 198.44999584423186,57.7222165377054 197.7555514273822,57.7222165377054 197.0611070105325,57.027772120855694 196.36666259368278,56.33332770400598 195.67221817683307,56.33332770400598 194.97777375998336,55.6388832871563 194.97777375998336,55.6388832871563 194.28332934313366,54.944438870306584 193.58888492628392,54.24999445345689 192.89444050943425,53.55555003660718 192.19999609258457,53.55555003660718 190.81110725888513,52.861105619757495 190.11666284203542,52.861105619757495 189.42221842518572,52.16666120290778 188.0333295914863,52.16666120290778 187.33888517463666,52.16666120290778 186.64444075778692,52.16666120290778 185.94999634093725,52.16666120290778 184.56110750723784,51.47221678605808 183.86666309038813,51.47221678605808 182.47777425668872,51.47221678605808 181.78332983983898,51.47221678605808 181.0888854229893,50.77777236920837 180.39444100613963,50.77777236920837 179.6999965892899,50.08332795235867 179.00555217244022,49.388883535508974 178.31110775559048,49.388883535508974 178.31110775559048,49.388883535508974 178.31110775559048,49.388883535508974 178.31110775559048,49.388883535508974 177.61666333874078,49.388883535508974 177.61666333874078,48.69443911865926 176.92221892189107,48.69443911865926 176.22777450504137,47.99999470180956 174.838885671342,47.30555028495986 174.1444412544923,46.61110586811017 173.4499968376426,46.61110586811017 173.4499968376426,45.91666145126046 172.7555524207929,45.222217034410754 171.36666358709348,44.52777261756105 171.36666358709348,44.52777261756105 170.67221917024378,44.52777261756105 169.97777475339407,44.52777261756105 169.97777475339407,43.83332820071134 169.28333033654437,43.83332820071134 168.58888591969466,43.83332820071134 167.89444150284496,43.83332820071134 167.19999708599525,43.13888378386165 166.50555266914554,43.13888378386165 165.81110825229584,43.13888378386165 165.11666383544613,43.13888378386165 164.42221941859643,42.444439367011945 163.72777500174672,42.444439367011945 163.72777500174672,42.444439367011945 163.03333058489702,42.444439367011945 163.03333058489702,42.444439367011945 162.3388861680473,42.444439367011945 161.64444175119766,41.74999495016224 160.94999733434796,41.74999495016224 160.25555291749825,41.74999495016224 160.25555291749825,41.74999495016224 158.86666408379884,41.055550533312534 158.86666408379884,41.055550533312534 158.17221966694913,41.055550533312534 156.78333083324972,40.36110611646284 156.78333083324972,40.36110611646284 156.78333083324972,40.36110611646284 156.08888641640002,40.36110611646284 156.08888641640002,39.66666169961314 154.6999975827006,39.66666169961314 154.6999975827006,39.66666169961314 154.0055531658509,38.97221728276343 152.6166643321515,38.277772865913725 151.92221991530178,38.277772865913725 151.22777549845208,38.277772865913725 150.53333108160237,38.277772865913725 149.83888666475266,37.58332844906402 149.83888666475266,37.58332844906402 149.83888666475266,37.58332844906402 149.14444224790302,37.58332844906402 149.14444224790302,36.88888403221433 148.4499978310533,36.88888403221433 148.4499978310533,36.88888403221433 147.7555534142036,36.19443961536462 146.3666645805042,35.49999519851492 145.6722201636545,35.49999519851492 145.6722201636545,34.80555078166521 144.97777574680478,34.80555078166521 144.97777574680478,34.80555078166521 144.28333132995508,34.11110636481552 143.58888691310537,34.11110636481552 142.19999807940596,33.416661947965814 142.19999807940596,33.416661947965814 141.50555366255625,33.416661947965814 141.50555366255625,33.416661947965814 140.81110924570655,33.416661947965814 140.11666482885684,32.72221753111611 138.72777599515743,32.72221753111611 138.03333157830772,32.72221753111611 137.33888716145802,32.72221753111611 136.64444274460837,32.0277731142664 135.94999832775866,32.0277731142664 135.25555391090896,32.0277731142664 135.25555391090896,31.333328697416693 134.56110949405925,31.333328697416693 134.56110949405925,31.333328697416693 134.56110949405925,31.333328697416693 133.86666507720955,31.333328697416693 133.86666507720955,31.333328697416693 133.86666507720955,31.333328697416693 133.17222066035984,31.333328697416693 132.47777624351014,30.638884280567005 131.78333182666043,30.638884280567005 131.08888740981072,30.638884280567005 129.6999985761113,30.638884280567005 129.6999985761113,30.638884280567005 129.0055541592616,30.638884280567005 128.3111097424119,30.638884280567005 128.3111097424119,30.638884280567005 127.6166653255622,30.638884280567005 127.6166653255622,30.638884280567005 127.6166653255622,30.638884280567005 127.6166653255622,30.638884280567005 126.92222090871249,30.638884280567005 126.22777649186278,30.638884280567005 125.53333207501308,30.638884280567005 124.83888765816337,31.333328697416693 124.14444324131372,31.333328697416693 124.14444324131372,31.333328697416693 124.14444324131372,31.333328697416693 123.449998824464,32.0277731142664 122.7555544076143,32.0277731142664 122.06110999076462,32.0277731142664 121.3666655739149,32.72221753111611 120.6722211570652,32.72221753111611 117.89444348966637,33.416661947965814 116.50555465596698,34.11110636481552 115.81111023911726,34.80555078166521 114.42222140541784,35.49999519851492 114.42222140541784,35.49999519851492 114.42222140541784,35.49999519851492 113.72777698856814,35.49999519851492 113.72777698856814,36.19443961536462 113.72777698856814,36.19443961536462 113.03333257171843,36.19443961536462 112.33888815486873,36.19443961536462 112.33888815486873,36.88888403221433 111.644443738019,37.58332844906402 110.94999932116936,37.58332844906402 109.56111048746996,38.277772865913725 108.86666607062025,38.277772865913725 108.86666607062025,38.277772865913725 108.17222165377055,38.277772865913725 108.17222165377055,38.277772865913725 108.17222165377055,38.97221728276343 108.17222165377055,38.97221728276343 107.47777723692084,38.97221728276343 107.47777723692084,38.97221728276343 107.47777723692084,38.97221728276343 106.78333282007114,38.97221728276343 106.08888840322143,38.97221728276343 105.39444398637171,38.277772865913725 104.69999956952203,38.277772865913725 104.00555515267231,38.277772865913725 104.00555515267231,38.277772865913725 103.31111073582261,38.277772865913725 101.9222219021232,38.277772865913725 101.22777748527349,38.277772865913725 101.22777748527349,38.277772865913725 101.22777748527349,38.277772865913725 100.53333306842379,38.277772865913725 100.53333306842379,38.277772865913725 100.53333306842379,38.277772865913725 100.53333306842379,38.97221728276343 99.83888865157407,38.97221728276343 99.83888865157407,38.97221728276343 99.83888865157407,38.97221728276343 99.14444423472436,38.97221728276343 99.14444423472436,38.97221728276343 99.14444423472436,38.97221728276343 99.14444423472436,38.97221728276343 98.44999981787471,38.97221728276343 97.75555540102503,38.97221728276343 97.06111098417531,39.66666169961314 95.6722221504759,39.66666169961314 94.9777777336262,39.66666169961314 94.9777777336262,39.66666169961314 94.28333331677649,39.66666169961314 93.58888889992679,39.66666169961314 92.20000006622739,40.36110611646284 91.50555564937767,41.055550533312534 90.81111123252796,41.74999495016224 89.42222239882855,42.444439367011945 88.72777798197885,42.444439367011945 88.03333356512914,42.444439367011945 87.33888914827943,43.13888378386165 86.64444473142973,43.13888378386165 85.95000031458008,43.83332820071134 84.56111148088067,43.83332820071134 83.86666706403096,44.52777261756105 83.17222264718126,44.52777261756105 82.47777823033155,44.52777261756105 81.78333381348185,44.52777261756105 81.08888939663214,44.52777261756105 81.08888939663214,45.222217034410754 81.08888939663214,45.222217034410754 80.39444497978243,45.222217034410754 80.39444497978243,45.222217034410754 79.00555614608302,45.91666145126046 76.2277784786842,46.61110586811017 75.5333340618345,47.30555028495986 74.83888964498479,47.30555028495986 74.14444522813508,47.30555028495986 74.14444522813508,47.30555028495986 74.14444522813508,47.30555028495986 74.14444522813508,47.30555028495986 73.45000081128538,47.30555028495986 73.45000081128538,47.30555028495986 72.75555639443573,47.30555028495986 72.75555639443573,47.99999470180956 72.06111197758602,47.99999470180956 71.36666756073632,47.99999470180956 70.67222314388661,47.99999470180956 70.67222314388661,47.99999470180956 70.67222314388661,47.99999470180956 70.67222314388661,47.99999470180956 69.9777787270369,47.99999470180956 69.9777787270369,47.99999470180956 69.9777787270369,47.99999470180956 69.2833343101872,48.69443911865926 69.2833343101872,48.69443911865926 68.5888898933375,48.69443911865926 67.89444547648779,48.69443911865926 67.89444547648779,48.69443911865926 67.20000105963808,49.388883535508974 67.20000105963808,49.388883535508974 66.50555664278838,49.388883535508974 65.11666780908897,50.08332795235867 65.11666780908897,50.77777236920837 64.42222339223926,50.77777236920837 64.42222339223926,50.77777236920837 63.72777897538959,50.77777236920837 63.03333455853988,51.47221678605808 63.03333455853988,51.47221678605808 62.33889014169017,51.47221678605808 62.33889014169017,51.47221678605808 62.33889014169017,51.47221678605808 61.644445724840466,52.16666120290778 60.95000130799075,52.16666120290778 60.255556891141055,52.861105619757495 60.255556891141055,52.861105619757495 59.56111247429135,52.861105619757495 59.56111247429135,52.861105619757495 59.56111247429135,52.861105619757495 59.56111247429135,53.55555003660718 59.56111247429135,53.55555003660718 59.56111247429135,53.55555003660718 58.86666805744164,54.24999445345689 58.86666805744164,54.24999445345689 58.86666805744164,54.944438870306584 58.17222364059193,54.944438870306584 58.17222364059193,55.6388832871563 58.17222364059193,56.33332770400598 58.17222364059193,56.33332770400598 57.47777922374227,57.027772120855694 57.47777922374227,57.027772120855694 57.47777922374227,57.027772120855694 57.47777922374227,57.7222165377054 57.47777922374227,57.7222165377054 57.47777922374227,58.416660954555105 57.47777922374227,58.416660954555105 57.47777922374227,59.111105371404804 57.47777922374227,59.8055497882545 58.17222364059193,60.499994205104215 58.86666805744164,61.194438621953914 58.86666805744164,61.88888303880362 59.56111247429135,62.583327455653325 60.255556891141055,63.27777187250302 60.95000130799075,63.97221628935272 61.644445724840466,64.66666070620244 61.644445724840466,65.36110512305214 62.33889014169017,65.36110512305214 62.33889014169017,66.05554953990182 63.03333455853988,66.05554953990182 63.72777897538959,66.74999395675152 64.42222339223926,66.74999395675152 65.11666780908897,67.44443837360123 65.11666780908897,68.13888279045094 65.81111222593867,68.13888279045094 66.50555664278838,68.83332720730064 67.20000105963808,68.83332720730064 67.89444547648779,69.52777162415035 68.5888898933375,69.52777162415035 69.2833343101872,70.22221604100005 69.9777787270369,70.91666045784976 70.67222314388661,71.61110487469946 72.06111197758602,72.30554929154914 72.75555639443573,72.30554929154914 72.75555639443573,72.99999370839885 73.45000081128538,72.99999370839885 73.45000081128538,72.99999370839885 73.45000081128538,72.99999370839885 73.45000081128538,73.69443812524855 74.14444522813508,73.69443812524855 74.14444522813508,73.69443812524855 74.14444522813508,73.69443812524855 74.83888964498479,74.38888254209826 74.83888964498479,75.08332695894796 74.83888964498479,75.08332695894796 74.83888964498479,75.08332695894796 74.83888964498479,75.77777137579767 74.83888964498479,75.77777137579767 74.83888964498479,76.47221579264738 74.83888964498479,77.16666020949708 74.83888964498479,77.86110462634679 74.83888964498479,77.86110462634679 74.83888964498479,78.55554904319649 74.83888964498479,78.55554904319649 74.83888964498479,79.24999346004617 74.14444522813508,79.24999346004617 74.14444522813508,79.24999346004617 74.14444522813508,79.24999346004617 74.14444522813508,79.94443787689588 73.45000081128538,79.94443787689588 73.45000081128538,80.63888229374558 72.75555639443573,81.33332671059529 72.06111197758602,82.02777112744499 71.36666756073632,82.7222155442947 71.36666756073632,82.7222155442947 69.9777787270369,83.4166599611444 69.9777787270369,84.11110437799411 69.9777787270369,84.11110437799411 69.2833343101872,84.11110437799411 69.2833343101872,84.11110437799411 69.2833343101872,84.11110437799411 68.5888898933375,84.11110437799411 68.5888898933375,84.11110437799411 67.89444547648779,84.80554879484382 67.20000105963808,84.80554879484382 66.50555664278838,84.80554879484382 65.11666780908897,84.80554879484382 64.42222339223926,84.80554879484382 64.42222339223926,84.80554879484382 63.72777897538959,84.80554879484382 63.03333455853988,84.80554879484382 63.03333455853988,84.80554879484382 63.03333455853988,84.80554879484382 62.33889014169017,84.80554879484382 62.33889014169017,84.80554879484382 61.644445724840466,84.80554879484382 60.95000130799075,84.80554879484382 60.255556891141055,84.80554879484382 59.56111247429135,84.80554879484382 58.86666805744164,84.11110437799411 58.86666805744164,84.11110437799411 58.17222364059193,84.11110437799411 56.783334806892555,84.80554879484382 56.08889039004285,84.80554879484382 55.39444597319314,84.80554879484382 55.39444597319314,84.80554879484382 54.700001556343445,84.80554879484382 54.700001556343445,84.80554879484382 54.00555713949373,84.80554879484382 53.311112722644026,84.80554879484382 52.61666830579432,84.80554879484382 51.92222388894462,84.80554879484382 51.22777947209491,84.80554879484382 50.53333505524523,85.49999321169352 49.838890638395526,85.49999321169352 49.14444622154581,85.49999321169352 48.45000180469612,85.49999321169352 47.0611129709967,85.49999321169352 45.6722241372973,85.49999321169352 44.28333530359791,85.49999321169352 43.5888908867482,85.49999321169352 42.8944464698985,85.49999321169352 42.20000205304879,85.49999321169352 41.505557636199086,85.49999321169352 41.505557636199086,84.80554879484382 40.81111321934938,84.80554879484382 40.116668802499674,84.80554879484382 40.116668802499674,84.80554879484382 40.116668802499674,84.80554879484382 39.42222438564997,84.80554879484382 39.42222438564997,84.11110437799411 38.72777996880026,84.11110437799411 38.033335551950586,84.11110437799411 36.644446718251174,84.11110437799411 35.95000230140147,83.4166599611444 34.56111346770206,83.4166599611444 33.86666905085235,83.4166599611444 33.86666905085235,83.4166599611444 33.172224634002646,82.7222155442947 32.47778021715294,82.7222155442947 31.783335800303263,82.7222155442947 30.39444696660385,82.02777112744499 29.00555813290444,82.02777112744499 28.311113716054738,82.02777112744499 27.61666929920503,81.33332671059529 26.922224882355327,81.33332671059529 26.922224882355327,81.33332671059529 26.227780465505617,81.33332671059529 26.227780465505617,80.63888229374558 25.53333604865594,80.63888229374558 24.838891631806234,80.63888229374558 24.14444721495653,79.94443787689588 23.450002798106823,79.24999346004617 22.755558381257117,79.24999346004617 22.06111396440741,79.24999346004617 21.366669547557706,79.24999346004617 21.366669547557706,79.24999346004617 20.672225130708,79.24999346004617 20.672225130708,79.24999346004617 20.672225130708,79.24999346004617 20.672225130708,79.24999346004617 19.977780713858294,79.24999346004617 19.977780713858294,79.24999346004617 18.58889188015891,79.24999346004617 18.58889188015891,79.24999346004617 17.2000030464595,79.24999346004617 16.505558629609794,79.24999346004617 16.505558629609794,79.24999346004617 16.505558629609794,79.24999346004617 15.811114212760089,79.24999346004617 15.811114212760089,79.24999346004617 15.811114212760089,79.24999346004617 15.116669795910383,79.94443787689588 14.422225379060679,79.94443787689588 14.422225379060679,79.94443787689588 13.727780962210973,79.94443787689588 13.727780962210973,79.94443787689588 13.727780962210973,80.63888229374558 13.727780962210973,80.63888229374558 13.033336545361268,80.63888229374558 13.033336545361268,80.63888229374558 12.338892128511588,81.33332671059529 11.644447711661883,81.33332671059529 11.644447711661883,82.02777112744499 10.950003294812177,82.02777112744499 10.950003294812177,82.02777112744499 10.950003294812177,82.02777112744499 10.255558877962471,82.02777112744499 10.255558877962471,82.7222155442947 10.255558877962471,82.7222155442947 10.255558877962471,82.7222155442947 9.561114461112766,82.7222155442947 8.86667004426306,83.4166599611444 8.86667004426306,83.4166599611444 8.86667004426306,83.4166599611444 8.86667004426306,83.4166599611444 8.172225627413354,84.11110437799411 8.172225627413354,84.11110437799411 8.172225627413354,84.11110437799411 8.172225627413354,84.80554879484382 7.4777812105636485,84.80554879484382 7.4777812105636485,84.80554879484382 7.4777812105636485,84.80554879484382 7.4777812105636485,85.49999321169352 7.4777812105636485,85.49999321169352 7.4777812105636485,86.19443762854323 7.4777812105636485,86.19443762854323 7.4777812105636485,86.19443762854323 7.4777812105636485,86.8888820453929 7.4777812105636485,86.8888820453929 7.4777812105636485,87.58332646224261 7.4777812105636485,87.58332646224261 7.4777812105636485,88.27777087909232 7.4777812105636485,88.97221529594202 7.4777812105636485,88.97221529594202 7.4777812105636485,89.66665971279173 7.4777812105636485,89.66665971279173 7.4777812105636485,90.36110412964143 7.4777812105636485,90.36110412964143 7.4777812105636485,91.05554854649114 7.4777812105636485,91.74999296334084 7.4777812105636485,91.74999296334084 7.4777812105636485,92.44443738019056 7.4777812105636485,92.44443738019056 7.4777812105636485,92.44443738019056 7.4777812105636485,93.13888179704023 7.4777812105636485,93.13888179704023 8.172225627413354,93.13888179704023 8.172225627413354,93.13888179704023 8.86667004426306,93.83332621388993 8.86667004426306,94.52777063073964 8.86667004426306,94.52777063073964 9.561114461112766,94.52777063073964 9.561114461112766,95.22221504758934 9.561114461112766,95.22221504758934 10.255558877962471,95.91665946443906 10.950003294812177,96.61110388128874 10.950003294812177,96.61110388128874 11.644447711661883,96.61110388128874 11.644447711661883,96.61110388128874 11.644447711661883,97.30554829813846 11.644447711661883,97.30554829813846 12.338892128511588,97.30554829813846 "
    />
  </>
);
export default Layer2;
