import React from 'react';

const Layer3:React.FC = () => (
  <>
    <polyline
      fill="#0b0bd5"
      stroke="#000000"
      strokeDashoffset=""
      fillRule="nonzero"
      markerStart=""
      markerMid=""
      markerEnd=""
      id="layer_3"
      fillOpacity="0"
      strokeOpacity="0"
      points="551.2277596038807,323.69442819114147 551.2277596038807,323.69442819114147 551.9222040207305,322.99998377429176 554.0055372712795,322.99998377429176 554.6999816881294,322.3055393574421 556.0888705218288,322.3055393574421 556.7833149386784,321.6110949405924 557.4777593555281,321.6110949405924 557.4777593555281,321.6110949405924 558.1722037723778,321.6110949405924 558.8666481892275,321.6110949405924 558.8666481892275,321.6110949405924 558.8666481892275,321.6110949405924 558.8666481892275,321.6110949405924 559.5610926060772,321.6110949405924 559.5610926060772,321.6110949405924 560.2555370229269,322.3055393574421 560.9499814397766,322.99998377429176 562.338870273476,322.99998377429176 563.0333146903257,322.99998377429176 563.7277591071754,322.99998377429176 563.7277591071754,322.99998377429176 564.4222035240251,323.69442819114147 565.1166479408748,323.69442819114147 565.8110923577245,324.3888726079912 566.5055367745742,325.0833170248409 567.199981191424,325.0833170248409 567.199981191424,325.0833170248409 567.199981191424,325.7777614416906 567.8944256082737,325.7777614416906 568.5888700251234,326.4722058585403 569.2833144419731,326.4722058585403 569.2833144419731,326.4722058585403 569.9777588588228,326.4722058585403 570.6722032756725,327.16665027539 572.0610921093719,327.16665027539 574.1444253599209,327.8610946922397 574.8388697767707,327.8610946922397 575.5333141936203,328.5555391090894 576.2277586104701,328.5555391090894 577.6166474441695,329.2499835259391 577.6166474441695,329.2499835259391 577.6166474441695,329.2499835259391 578.3110918610191,329.2499835259391 578.3110918610191,329.2499835259391 579.0055362778689,329.2499835259391 579.0055362778689,329.2499835259391 579.0055362778689,329.2499835259391 579.0055362778689,329.9444279427888 579.6999806947185,329.9444279427888 580.3944251115684,330.6388723596385 581.088869528418,330.6388723596385 581.7833139452678,331.33331677648823 582.4777583621174,331.33331677648823 583.8666471958168,332.02776119333794 584.5610916126666,332.02776119333794 585.2555360295162,332.02776119333794 585.9499804463659,332.02776119333794 585.9499804463659,332.02776119333794 585.9499804463659,332.02776119333794 585.9499804463659,332.02776119333794 586.6444248632156,332.02776119333794 586.6444248632156,332.02776119333794 587.3388692800653,332.02776119333794 588.033313696915,331.33331677648823 590.1166469474641,330.6388723596385 592.1999801980132,330.6388723596385 594.2833134485624,330.6388723596385 594.9777578654121,330.6388723596385 594.9777578654121,330.6388723596385 595.6722022822618,330.6388723596385 595.6722022822618,330.6388723596385 595.6722022822618,329.9444279427888 595.6722022822618,329.9444279427888 595.6722022822618,329.9444279427888 595.6722022822618,329.2499835259391 595.6722022822618,329.2499835259391 595.6722022822618,328.5555391090894 595.6722022822618,327.8610946922397 595.6722022822618,326.4722058585403 596.3666466991115,325.7777614416906 596.3666466991115,325.0833170248409 596.3666466991115,325.0833170248409 596.3666466991115,324.3888726079912 597.0610911159612,323.69442819114147 597.0610911159612,322.3055393574421 597.0610911159612,322.3055393574421 597.0610911159612,321.6110949405924 597.0610911159612,320.9166505237427 597.0610911159612,320.9166505237427 597.0610911159612,320.9166505237427 597.0610911159612,320.9166505237427 597.0610911159612,320.222206106893 597.7555355328109,320.222206106893 597.7555355328109,319.5277616900433 598.4499799496605,319.5277616900433 599.1444243665103,318.8333172731936 599.8388687833599,318.1388728563439 600.5333132002097,318.1388728563439 600.5333132002097,317.4444284394942 601.9222020339091,317.4444284394942 602.6166464507587,316.74998402264447 604.0055352844581,316.74998402264447 605.3944241181575,316.05553960579476 606.7833129518569,315.36109518894506 607.4777573687068,315.36109518894506 608.1722017855564,315.36109518894506 608.8666462024062,315.36109518894506 609.5610906192558,315.36109518894506 610.9499794529552,315.36109518894506 613.0333127035043,315.36109518894506 616.5055347877528,315.36109518894506 617.8944236214522,315.36109518894506 618.5888680383019,315.36109518894506 619.2833124551516,315.36109518894506 619.2833124551516,315.36109518894506 619.9777568720014,315.36109518894506 621.3666457057008,316.05553960579476 622.0610901225505,316.05553960579476 624.1444233730995,315.36109518894506 625.5333122067989,315.36109518894506 626.2277566236487,315.36109518894506 626.9222010404983,315.36109518894506 627.6166454573481,315.36109518894506 627.6166454573481,316.05553960579476 628.3110898741977,316.05553960579476 628.3110898741977,315.36109518894506 629.0055342910475,315.36109518894506 629.0055342910475,315.36109518894506 630.3944231247469,315.36109518894506 630.3944231247469,316.05553960579476 631.0888675415965,316.05553960579476 631.0888675415965,316.05553960579476 631.0888675415965,316.05553960579476 631.0888675415965,316.05553960579476 631.0888675415965,316.05553960579476 632.4777563752959,315.36109518894506 635.2555340426948,314.66665077209535 640.1166449606427,313.97220635524565 642.1999782111918,313.97220635524565 644.9777558785906,314.66665077209535 646.36664471229,314.66665077209535 647.7555335459895,315.36109518894506 648.4499779628391,315.36109518894506 649.1444223796889,315.36109518894506 649.8388667965385,314.66665077209535 649.8388667965385,314.66665077209535 650.5333112133883,314.66665077209535 651.2277556302379,314.66665077209535 651.9222000470877,314.66665077209535 652.6166444639373,314.66665077209535 653.3110888807871,314.66665077209535 654.0055332976367,314.66665077209535 654.6999777144865,314.66665077209535 656.7833109650355,315.36109518894506 658.1721997987349,315.36109518894506 658.8666442155848,315.36109518894506 659.5610886324343,316.05553960579476 660.9499774661338,316.05553960579476 661.6444218829835,316.05553960579476 663.0333107166829,316.05553960579476 664.4221995503823,316.05553960579476 665.8110883840817,316.05553960579476 665.8110883840817,316.05553960579476 666.5055328009314,316.05553960579476 666.5055328009314,316.05553960579476 667.1999772177811,316.05553960579476 668.5888660514805,316.05553960579476 669.9777548851799,316.05553960579476 671.3666437188793,315.36109518894506 672.7555325525788,314.66665077209535 673.4499769694285,314.66665077209535 674.144421386278,314.66665077209535 674.8388658031279,314.66665077209535 675.5333102199775,314.66665077209535 675.5333102199775,315.36109518894506 675.5333102199775,314.66665077209535 676.9221990536769,313.97220635524565 677.6166434705267,313.27776193839594 678.3110878873763,313.27776193839594 679.6999767210757,312.58331752154623 681.0888655547751,312.58331752154623 681.7833099716249,312.58331752154623 681.7833099716249,312.58331752154623 682.4777543884745,312.58331752154623 683.1721988053243,312.58331752154623 684.5610876390238,311.88887310469653 685.9499764727232,311.88887310469653 688.0333097232722,311.88887310469653 690.811087390671,311.1944286878468 692.1999762243704,311.1944286878468 693.5888650580698,311.1944286878468 694.2833094749195,311.1944286878468 694.9777538917692,311.1944286878468 695.6721983086189,311.1944286878468 696.3666427254686,311.1944286878468 697.0610871423183,311.1944286878468 697.755531559168,311.1944286878468 699.1444203928675,311.1944286878468 700.5333092265669,311.1944286878468 701.9221980602663,311.1944286878468 702.6166424771159,311.1944286878468 702.6166424771159,311.88887310469653 703.3110868939657,311.88887310469653 704.0055313108153,311.88887310469653 705.3944201445147,311.1944286878468 706.0888645613645,311.1944286878468 706.0888645613645,311.1944286878468 706.0888645613645,311.1944286878468 706.0888645613645,311.1944286878468 706.7833089782141,311.1944286878468 706.7833089782141,311.1944286878468 707.4777533950639,311.1944286878468 708.1721978119135,311.1944286878468 708.8666422287633,311.1944286878468 709.5610866456129,311.1944286878468 710.2555310624628,311.88887310469653 710.9499754793123,311.88887310469653 711.644419896162,311.88887310469653 712.3388643130118,312.58331752154623 713.0333087298615,312.58331752154623 713.727753146711,312.58331752154623 714.4221975635609,313.27776193839594 715.1166419804106,313.27776193839594 715.8110863972604,313.27776193839594 715.8110863972604,313.27776193839594 715.8110863972604,313.97220635524565 716.50553081411,313.97220635524565 717.1999752309597,313.97220635524565 717.8944196478095,313.97220635524565 717.8944196478095,313.97220635524565 718.5888640646591,314.66665077209535 719.2833084815088,314.66665077209535 719.9777528983585,315.36109518894506 720.6721973152082,316.05553960579476 721.3666417320578,316.05553960579476 721.3666417320578,316.74998402264447 722.0610861489076,316.74998402264447 722.0610861489076,316.74998402264447 722.7555305657573,316.74998402264447 722.7555305657573,316.74998402264447 722.7555305657573,316.74998402264447 723.4499749826069,317.4444284394942 724.8388638163065,318.1388728563439 725.533308233156,318.1388728563439 726.2277526500059,318.1388728563439 726.9221970668556,318.1388728563439 728.3110859005549,318.8333172731936 729.0055303174047,318.8333172731936 729.6999747342543,318.8333172731936 730.3944191511041,319.5277616900433 731.0888635679537,320.222206106893 732.477752401653,320.9166505237427 733.172196818503,320.9166505237427 735.2555300690519,321.6110949405924 737.338863319601,322.3055393574421 738.7277521533005,322.99998377429176 740.1166409869998,323.69442819114147 741.5055298206993,324.3888726079912 742.1999742375489,325.0833170248409 743.5888630712484,325.0833170248409 744.9777519049478,325.7777614416906 746.3666407386473,325.7777614416906 747.0610851554969,326.4722058585403 748.4499739891963,327.16665027539 749.8388628228956,327.8610946922397 751.2277516565949,328.5555391090894 751.922196073445,328.5555391090894 754.0055293239939,328.5555391090894 757.4777514082424,329.2499835259391 758.1721958250921,329.2499835259391 760.9499734924908,329.9444279427888 763.7277511598897,329.9444279427888 765.8110844104389,329.9444279427888 766.5055288272886,330.6388723596385 767.1999732441383,330.6388723596385 767.894417660988,330.6388723596385 768.5888620778376,330.6388723596385 769.2833064946874,329.9444279427888 770.6721953283867,329.9444279427888 772.0610841620862,329.9444279427888 772.755528578936,329.9444279427888 773.4499729957856,329.2499835259391 773.4499729957856,329.2499835259391 774.838861829485,329.2499835259391 776.2277506631843,329.2499835259391 781.0888615811323,329.2499835259391 783.1721948316815,329.2499835259391 785.9499724990802,329.2499835259391 789.4221945833286,329.2499835259391 791.505527833878,329.2499835259391 792.8944166675773,329.2499835259391 793.588861084427,329.2499835259391 794.2833055012767,329.9444279427888 794.9777499181263,329.9444279427888 795.6721943349761,329.9444279427888 797.0610831686754,329.9444279427888 798.4499720023749,329.9444279427888 800.533305252924,329.9444279427888 801.9221940866234,329.9444279427888 804.6999717540222,330.6388723596385 805.3944161708719,330.6388723596385 806.7833050045713,330.6388723596385 808.1721938382706,329.9444279427888 809.5610826719701,329.9444279427888 810.9499715056695,329.9444279427888 813.0333047562187,329.9444279427888 815.1166380067677,330.6388723596385 816.5055268404672,330.6388723596385 817.1999712573169,330.6388723596385 817.8944156741667,330.6388723596385 817.8944156741667,330.6388723596385 819.283304507866,331.33331677648823 819.9777489247158,331.33331677648823 821.3666377584151,331.33331677648823 824.1444154258139,331.33331677648823 824.8388598426636,332.02776119333794 825.5333042595132,332.02776119333794 826.227748676363,332.72220561018764 827.6166375100626,332.72220561018764 829.0055263437619,332.72220561018764 831.7833040111607,332.72220561018764 833.17219284486,332.72220561018764 834.5610816785593,332.72220561018764 835.2555260954091,333.41665002703735 835.9499705122588,333.41665002703735 836.6444149291086,334.11109444388705 838.0333037628079,334.11109444388705 838.7277481796577,334.11109444388705 839.4221925965073,334.11109444388705 840.116637013357,334.11109444388705 840.116637013357,334.11109444388705 841.5055258470564,334.11109444388705 842.8944146807559,334.11109444388705 844.977747931305,334.11109444388705 846.3666367650045,334.11109444388705 847.7555255987038,334.11109444388705 848.4499700155535,334.11109444388705 849.1444144324032,334.11109444388705 849.8388588492528,334.11109444388705 851.2277476829523,334.11109444388705 852.6166365166517,334.11109444388705 853.3110809335014,334.11109444388705 855.3944141840506,334.11109444388705 856.0888586009004,334.80553886073676 857.4777474345997,334.80553886073676 858.1721918514493,334.80553886073676 858.1721918514493,334.80553886073676 858.866636268299,334.80553886073676 859.5610806851487,334.80553886073676 860.2555251019984,334.80553886073676 860.949969518848,334.80553886073676 861.6444139356978,334.80553886073676 862.3388583525475,335.49998327758647 863.0333027693971,335.49998327758647 864.4221916030966,334.80553886073676 866.5055248536457,334.11109444388705 869.2833025210446,334.11109444388705 870.6721913547439,334.11109444388705 872.0610801884434,334.11109444388705 872.7555246052932,334.11109444388705 872.7555246052932,334.11109444388705 873.4499690221428,334.11109444388705 873.4499690221428,334.11109444388705 874.1444134389925,334.80553886073676 874.8388578558423,334.80553886073676 875.5333022726919,334.80553886073676 876.9221911063913,334.80553886073676 877.616635523241,334.80553886073676 878.3110799400906,334.80553886073676 879.0055243569404,335.49998327758647 880.3944131906397,335.49998327758647 880.3944131906397,335.49998327758647 881.7833020243393,335.49998327758647 881.7833020243393,335.49998327758647 882.4777464411891,335.49998327758647 883.1721908580386,335.49998327758647 883.1721908580386,335.49998327758647 883.8666352748884,335.49998327758647 884.561079691738,336.1944276944362 885.2555241085877,336.1944276944362 885.9499685254375,336.1944276944362 886.6444129422871,336.1944276944362 887.3388573591368,336.1944276944362 888.0333017759865,336.1944276944362 888.7277461928362,336.1944276944362 890.1166350265356,336.8888721112859 890.8110794433853,337.5833165281356 892.1999682770847,337.5833165281356 892.8944126939344,337.5833165281356 893.5888571107843,337.5833165281356 894.9777459444836,337.5833165281356 895.6721903613333,338.27776094498523 896.366634778183,338.27776094498523 897.0610791950326,338.27776094498523 897.7555236118824,338.27776094498523 898.4499680287321,338.27776094498523 899.1444124455817,338.97220536183494 900.5333012792812,338.97220536183494 901.227745696131,338.97220536183494 902.6166345298303,338.97220536183494 903.3110789466801,338.97220536183494 904.0055233635297,339.66664977868464 904.0055233635297,339.66664977868464 904.6999677803794,340.36109419553435 906.0888566140788,340.36109419553435 906.7833010309284,340.36109419553435 908.172189864628,340.36109419553435 908.8666342814776,340.36109419553435 909.5610786983273,340.36109419553435 910.2555231151771,340.36109419553435 911.6444119488764,341.05553861238405 913.0333007825758,341.74998302923376 913.7277451994255,341.74998302923376 915.1166340331249,342.44442744608347 915.8110784499745,343.1388718629332 916.5055228668243,343.1388718629332 917.199967283674,343.1388718629332 917.8944117005236,343.1388718629332 918.5888561173734,343.1388718629332 919.2833005342231,343.8333162797829 919.977744951073,343.8333162797829 920.6721893679226,344.5277606966326 921.3666337847723,344.5277606966326 922.0610782016221,344.5277606966326 922.7555226184717,344.5277606966326 922.7555226184717,344.5277606966326 924.1444114521711,344.5277606966326 924.8388558690208,345.2222051134823 925.5333002858704,345.2222051134823 926.2277447027202,345.916649530332 926.9221891195699,345.916649530332 927.6166335364197,345.916649530332 929.005522370119,345.916649530332 930.3944112038184,345.916649530332 933.866633288067,345.916649530332 935.2555221217663,345.916649530332 935.949966538616,346.6110939471817 936.6444109554656,346.6110939471817 936.6444109554656,346.6110939471817 937.3388553723154,346.6110939471817 938.0332997891651,346.6110939471817 938.0332997891651,346.6110939471817 939.4221886228645,346.6110939471817 940.1166330397142,346.6110939471817 940.811077456564,346.6110939471817 941.5055218734136,346.6110939471817 942.1999662902633,347.3055383640314 943.5888551239627,347.9999827808811 944.9777439576621,348.6944271977308 945.6721883745118,349.3888716145805 946.3666327913614,349.3888716145805 946.3666327913614,349.3888716145805 946.3666327913614,349.3888716145805 947.0610772082113,349.3888716145805 947.0610772082113,349.3888716145805 947.0610772082113,349.3888716145805 947.755521625061,350.08331603143023 948.4499660419108,350.77776044827993 949.8388548756101,352.1666492819793 951.2277437093095,352.861093698829 952.6166325430089,353.5555381156787 953.3110769598586,353.5555381156787 954.0055213767082,353.5555381156787 954.0055213767082,354.2499825325284 954.699965793558,354.2499825325284 954.699965793558,354.2499825325284 954.699965793558,354.9444269493781 955.3944102104077,354.9444269493781 955.3944102104077,354.9444269493781 955.3944102104077,354.9444269493781 955.3944102104077,354.9444269493781 955.3944102104077,354.9444269493781 956.0888546272575,354.9444269493781 956.7832990441071,355.6388713662278 957.4777434609568,355.6388713662278 958.1721878778067,356.3333157830775 958.1721878778067,356.3333157830775 958.1721878778067,356.3333157830775 958.1721878778067,356.3333157830775 958.8666322946563,356.3333157830775 959.561076711506,357.0277601999272 960.2555211283556,357.0277601999272 960.9499655452053,357.72220461677693 961.644409962055,357.72220461677693 961.644409962055,357.72220461677693 961.644409962055,357.72220461677693 962.3388543789047,357.72220461677693 962.3388543789047,358.41664903362664 962.3388543789047,359.1110934504764 963.0332987957543,359.80553786732605 963.0332987957543,359.80553786732605 963.0332987957543,360.49998228417576 963.0332987957543,361.19442670102546 963.7277432126041,361.8888711178752 963.7277432126041,362.5833155347249 963.7277432126041,363.2777599515746 963.7277432126041,363.2777599515746 964.4221876294538,364.66664878527394 964.4221876294538,365.3610932021236 964.4221876294538,366.05553761897335 963.7277432126041,366.74998203582305 963.7277432126041,367.4444264526728 963.7277432126041,367.4444264526728 963.7277432126041,368.83331528637217 963.0332987957543,369.5277597032219 963.0332987957543,370.2222041200715 963.0332987957543,370.2222041200715 963.0332987957543,370.9166485369213 963.0332987957543,370.9166485369213 962.3388543789047,371.611092953771 962.3388543789047,371.611092953771 962.3388543789047,372.30553737062075 961.644409962055,372.9999817874704 961.644409962055,373.6944262043201 961.644409962055,374.3888706211698 961.644409962055,375.08331503801946 961.644409962055,375.7777594548692 961.644409962055,375.7777594548692 961.644409962055,375.7777594548692 961.644409962055,375.7777594548692 961.644409962055,376.4722038717189 961.644409962055,377.1666482885686 961.644409962055,377.86109270541834 961.644409962055,378.555537122268 961.644409962055,379.2499815391177 961.644409962055,379.9444259559674 961.644409962055,380.63887037281717 961.644409962055,380.63887037281717 961.644409962055,381.3333147896668 961.644409962055,381.3333147896668 961.644409962055,382.0277592065165 961.644409962055,382.7222036233662 961.644409962055,382.7222036233662 961.644409962055,382.7222036233662 961.644409962055,383.4166480402159 961.644409962055,383.4166480402159 961.644409962055,383.4166480402159 962.3388543789047,383.4166480402159 962.3388543789047,384.11109245706564 962.3388543789047,384.80553687391534 963.0332987957543,385.4999812907651 963.0332987957543,386.88887012446446 963.0332987957543,387.58331454131417 963.0332987957543,387.58331454131417 963.0332987957543,388.2777589581638 963.0332987957543,388.2777589581638 963.0332987957543,388.9722033750136 963.0332987957543,389.6666477918632 963.0332987957543,390.36109220871293 963.0332987957543,391.0555366255627 962.3388543789047,392.44442545926205 962.3388543789047,392.44442545926205 962.3388543789047,392.44442545926205 961.644409962055,393.8333142929614 961.644409962055,393.8333142929614 960.9499655452053,394.52775870981117 960.2555211283556,395.2222031266609 960.2555211283556,395.91664754351063 959.561076711506,395.91664754351063 959.561076711506,396.6110919603603 959.561076711506,396.6110919603603 959.561076711506,396.6110919603603 959.561076711506,396.6110919603603 959.561076711506,396.6110919603603 958.8666322946563,396.6110919603603 958.8666322946563,397.30553637721 958.1721878778067,397.30553637721 957.4777434609568,397.9999807940597 956.7832990441071,399.3888696277591 956.0888546272575,399.3888696277591 956.0888546272575,399.3888696277591 955.3944102104077,399.3888696277591 955.3944102104077,400.0833140446088 954.699965793558,400.7777584614585 954.0055213767082,400.7777584614585 952.6166325430089,401.47220287830817 951.9221881261591,402.1666472951578 951.9221881261591,402.8610917120076 951.2277437093095,402.8610917120076 950.5332992924598,403.5555361288573 949.8388548756101,404.24998054570705 949.8388548756101,404.24998054570705 949.8388548756101,404.24998054570705 949.1444104587604,404.24998054570705 949.1444104587604,404.9444249625567 948.4499660419108,404.9444249625567 948.4499660419108,405.6388693794064 948.4499660419108,405.6388693794064 947.755521625061,406.3333137962561 947.755521625061,406.3333137962561 947.0610772082113,406.3333137962561 947.0610772082113,407.02775821310576 946.3666327913614,407.7222026299555 945.6721883745118,408.4166470468052 944.9777439576621,409.111091463655 944.2832995408123,409.80553588050464 944.2832995408123,409.80553588050464 943.5888551239627,410.49998029735434 942.894410707113,410.49998029735434 942.894410707113,411.19442471420405 942.894410707113,411.19442471420405 942.1999662902633,411.8888691310537 941.5055218734136,412.58331354790346 940.811077456564,413.27775796475316 940.811077456564,413.9722023816029 940.811077456564,413.9722023816029 940.1166330397142,414.6666467984526 940.1166330397142,414.6666467984526 938.7277442060149,415.3610912153022 938.0332997891651,416.74998004900164 938.0332997891651,416.74998004900164 936.6444109554656,418.13886888270105 935.949966538616,418.83331329955075 935.2555221217663,419.52775771640046 934.5610777049164,420.2222021332501 933.866633288067,420.91664655009987 933.1721888712171,420.91664655009987 932.4777444543676,422.30553538379934 931.7833000375178,422.999979800649 931.0888556206681,423.6944242174987 930.3944112038184,424.3888686343484 929.6999667869688,425.08331305119805 929.6999667869688,425.7777574680478 929.005522370119,426.4722018848975 928.3110779532693,427.16664630174716 927.6166335364197,427.8610907185969 926.9221891195699,428.5555351354466 926.2277447027202,429.2499795522963 925.5333002858704,429.944423969146 924.8388558690208,430.63886838599564 924.1444114521711,431.3333128028454 923.4499670353214,432.0277572196951 923.4499670353214,432.0277572196951 922.7555226184717,433.4166460533945 922.0610782016221,433.4166460533945 921.3666337847723,434.1110904702442 921.3666337847723,434.8055348870939 920.6721893679226,435.4999793039436 919.977744951073,436.19442372079334 919.2833005342231,437.5833125544928 919.2833005342231,438.27775697134246 918.5888561173734,438.97220138819216 917.8944117005236,439.66664580504187 917.199967283674,440.3610902218915 916.5055228668243,441.0555346387413 915.8110784499745,441.7499790555909 915.1166340331249,442.44442347244063 915.1166340331249,443.13886788929034 915.1166340331249,443.13886788929034 914.4221896162752,443.83331230614 913.7277451994255,444.52775672298975 913.7277451994255,445.22220113983946 913.0333007825758,445.9166455566892 912.3388563657262,446.61108997353887 912.3388563657262,447.3055343903886 911.6444119488764,447.9999788072383 911.6444119488764,448.6944232240879 910.9499675320267,449.3888676409377 910.9499675320267,450.77775647463716 910.2555231151771,451.4722008914868 910.2555231151771,452.1666453083365 910.2555231151771,452.1666453083365 909.5610786983273,452.86108972518616 909.5610786983273,452.86108972518616 908.8666342814776,453.55553414203587 908.172189864628,454.2499785588855 906.7833010309284,454.9444229757353 906.7833010309284,455.638867392585 906.0888566140788,456.33331180943475 905.3944121972291,457.0277562262844 904.0055233635297,457.7222006431341 904.0055233635297,458.4166450599838 902.6166345298303,459.8055338936832 901.9221901129806,460.4999783105329 901.9221901129806,461.19442272738263 901.9221901129806,461.8888671442323 901.227745696131,461.8888671442323 901.227745696131,461.8888671442323 901.227745696131,462.58331156108204 900.5333012792812,463.27775597793175 899.8388568624315,463.9722003947815 899.1444124455817,464.66664481163116 898.4499680287321,465.3610892284808 898.4499680287321,466.0555336453305 898.4499680287321,466.7499780621802 898.4499680287321,466.7499780621802 897.7555236118824,467.44442247902987 897.7555236118824,467.44442247902987 897.7555236118824,468.13886689587963 897.0610791950326,469.5277557295791 897.0610791950326,470.22220014642875 897.0610791950326,470.22220014642875 897.0610791950326,470.91664456327845 897.0610791950326,471.61108898012816 897.0610791950326,472.99997781382757 897.0610791950326,474.38886664752704 897.0610791950326,475.0833110643767 897.0610791950326,475.0833110643767 897.0610791950326,475.7777554812264 897.7555236118824,476.4721998980761 897.7555236118824,477.16664431492575 897.7555236118824,477.8610887317754 897.7555236118824,478.55553314862516 897.7555236118824,479.24997756547486 897.7555236118824,479.94442198232457 897.0610791950326,480.6388663991742 897.0610791950326,481.333310816024 896.366634778183,482.0277552328737 896.366634778183,482.72219964972345 895.6721903613333,483.4166440665731 895.6721903613333,484.1110884834228 895.6721903613333,484.8055329002725 894.9777459444836,486.1944217339719 894.2833015276339,486.8888661508216 894.2833015276339,487.5833105676714 894.2833015276339,487.5833105676714 894.2833015276339,488.27775498452104 893.5888571107843,488.97219940137074 893.5888571107843,488.97219940137074 893.5888571107843,489.66664381822045 892.8944126939344,490.3610882350701 892.1999682770847,491.05553265191975 891.5055238602351,491.7499770687695 891.5055238602351,492.4444214856192 891.5055238602351,492.4444214856192 890.8110794433853,492.4444214856192 890.8110794433853,492.4444214856192 890.1166350265356,493.138865902469 890.1166350265356,493.138865902469 890.1166350265356,493.138865902469 890.1166350265356,493.138865902469 890.1166350265356,493.138865902469 889.4221906096858,493.138865902469 888.7277461928362,493.8333103193186 887.3388573591368,493.8333103193186 886.6444129422871,494.52775473616833 885.9499685254375,494.52775473616833 885.2555241085877,495.22219915301804 884.561079691738,495.22219915301804 883.8666352748884,495.22219915301804 882.4777464411891,495.22219915301804 880.3944131906397,495.9166435698677 879.0055243569404,495.9166435698677 878.3110799400906,495.9166435698677 877.616635523241,495.9166435698677 876.9221911063913,495.22219915301804 876.2277466895416,495.22219915301804 875.5333022726919,495.22219915301804 874.8388578558423,495.22219915301804 872.7555246052932,494.52775473616833 871.3666357715937,494.52775473616833 870.6721913547439,493.8333103193186 869.9777469378943,493.8333103193186 869.2833025210446,493.8333103193186 868.5888581041949,493.8333103193186 867.1999692704956,493.8333103193186 866.5055248536457,493.8333103193186 865.811080436796,493.8333103193186 865.1166360199464,493.8333103193186 864.4221916030966,493.8333103193186 864.4221916030966,493.8333103193186 863.7277471862469,493.138865902469 862.3388583525475,493.138865902469 860.949969518848,492.4444214856192 859.5610806851487,492.4444214856192 858.866636268299,492.4444214856192 857.4777474345997,492.4444214856192 856.78330301775,492.4444214856192 856.0888586009004,492.4444214856192 855.3944141840506,492.4444214856192 854.0055253503513,491.7499770687695 853.3110809335014,491.7499770687695 851.9221920998019,491.05553265191975 851.2277476829523,491.7499770687695 850.5333032661026,491.7499770687695 849.1444144324032,491.7499770687695 848.4499700155535,491.05553265191975 847.7555255987038,491.05553265191975 846.3666367650045,491.05553265191975 845.6721923481547,491.05553265191975 844.977747931305,491.05553265191975 844.2833035144552,491.05553265191975 842.8944146807559,491.05553265191975 842.199970263906,490.3610882350701 840.116637013357,490.3610882350701 839.4221925965073,490.3610882350701 838.0333037628079,491.05553265191975 837.3388593459582,491.05553265191975 835.9499705122588,491.05553265191975 833.8666372617097,491.05553265191975 831.0888595943109,491.05553265191975 826.9221930932127,490.3610882350701 826.227748676363,490.3610882350701 825.5333042595132,490.3610882350701 824.8388598426636,490.3610882350701 824.1444154258139,489.66664381822045 822.7555265921145,489.66664381822045 819.9777489247158,488.27775498452104 817.8944156741667,488.27775498452104 815.8110824236173,488.27775498452104 813.7277491730682,487.5833105676714 811.6444159225193,487.5833105676714 810.2555270888199,487.5833105676714 809.5610826719701,487.5833105676714 808.8666382551206,487.5833105676714 808.1721938382706,487.5833105676714 806.7833050045713,486.8888661508216 805.3944161708719,486.8888661508216 804.6999717540222,486.8888661508216 803.3110829203229,486.8888661508216 802.6166385034732,487.5833105676714 801.2277496697736,487.5833105676714 800.533305252924,487.5833105676714 799.8388608360743,487.5833105676714 798.4499720023749,487.5833105676714 797.0610831686754,487.5833105676714 795.6721943349761,487.5833105676714 794.9777499181263,487.5833105676714 794.9777499181263,487.5833105676714 794.9777499181263,487.5833105676714 794.2833055012767,487.5833105676714 794.2833055012767,487.5833105676714 792.8944166675773,487.5833105676714 791.505527833878,488.27775498452104 789.4221945833286,488.97219940137074 788.0333057496293,488.97219940137074 787.3388613327797,488.97219940137074 786.6444169159299,488.97219940137074 785.9499724990802,488.97219940137074 785.2555280822305,488.97219940137074 783.8666392485312,488.97219940137074 782.4777504148317,488.97219940137074 781.0888615811323,488.97219940137074 779.6999727474328,488.27775498452104 778.3110839137335,488.27775498452104 776.922195080034,488.27775498452104 776.2277506631843,488.27775498452104 775.5333062463346,488.27775498452104 775.5333062463346,488.27775498452104 774.838861829485,488.27775498452104 774.1444174126353,488.27775498452104 772.0610841620862,487.5833105676714 769.2833064946874,487.5833105676714 766.5055288272886,487.5833105676714 762.3388623261903,487.5833105676714 759.5610846587915,487.5833105676714 758.1721958250921,487.5833105676714 756.7833069913927,487.5833105676714 755.3944181576934,487.5833105676714 754.6999737408437,487.5833105676714 752.6166404902945,486.8888661508216 750.5333072397455,486.8888661508216 749.8388628228956,486.8888661508216 749.144418406046,486.8888661508216 748.4499739891963,486.8888661508216 748.4499739891963,486.8888661508216 747.7555295723466,486.8888661508216 746.3666407386473,486.8888661508216 744.2833074880982,486.1944217339719 743.5888630712484,486.1944217339719 742.8944186543987,486.1944217339719 742.8944186543987,486.1944217339719 742.1999742375489,486.1944217339719 742.1999742375489,486.1944217339719 742.1999742375489,486.1944217339719 741.5055298206993,486.1944217339719 740.8110854038496,486.1944217339719 740.1166409869998,486.1944217339719 739.4221965701502,486.1944217339719 738.0333077364508,486.8888661508216 736.6444189027515,486.8888661508216 733.8666412353525,487.5833105676714 733.172196818503,487.5833105676714 732.477752401653,487.5833105676714 731.7833079848035,487.5833105676714 731.7833079848035,487.5833105676714 731.0888635679537,487.5833105676714 731.0888635679537,487.5833105676714 729.0055303174047,487.5833105676714 723.4499749826069,486.8888661508216 722.0610861489076,486.1944217339719 718.5888640646591,484.8055329002725 718.5888640646591,484.8055329002725 717.8944196478095,484.8055329002725 715.8110863972604,483.4166440665731 715.1166419804106,483.4166440665731 714.4221975635609,482.72219964972345 713.727753146711,482.0277552328737 713.0333087298615,482.0277552328737 712.3388643130118,481.333310816024 711.644419896162,481.333310816024 710.9499754793123,481.333310816024 709.5610866456129,481.333310816024 708.8666422287633,480.6388663991742 708.1721978119135,480.6388663991742 707.4777533950639,480.6388663991742 706.7833089782141,479.94442198232457 705.3944201445147,479.94442198232457 704.0055313108153,479.94442198232457 703.3110868939657,479.24997756547486 702.6166424771159,479.24997756547486 701.9221980602663,479.24997756547486 701.2277536434165,479.24997756547486 701.2277536434165,479.24997756547486 700.5333092265669,479.24997756547486 699.838864809717,479.24997756547486 698.4499759760178,479.24997756547486 697.755531559168,479.24997756547486 695.6721983086189,479.94442198232457 693.5888650580698,479.94442198232457 692.8944206412201,479.94442198232457 691.5055318075207,479.94442198232457 689.4221985569716,480.6388663991742 687.3388653064225,480.6388663991742 685.2555320558733,480.6388663991742 684.5610876390238,480.6388663991742 683.8666432221739,480.6388663991742 683.1721988053243,480.6388663991742 681.7833099716249,480.6388663991742 681.0888655547751,481.333310816024 680.3944211379255,481.333310816024 679.6999767210757,481.333310816024 678.3110878873763,481.333310816024 677.6166434705267,481.333310816024 676.9221990536769,481.333310816024 676.2277546368273,480.6388663991742 675.5333102199775,480.6388663991742 674.8388658031279,480.6388663991742 674.144421386278,480.6388663991742 672.7555325525788,480.6388663991742 671.3666437188793,480.6388663991742 669.9777548851799,480.6388663991742 669.2833104683302,480.6388663991742 668.5888660514805,480.6388663991742 667.8944216346308,479.94442198232457 667.1999772177811,479.94442198232457 666.5055328009314,479.94442198232457 665.116643967232,479.94442198232457 664.4221995503823,479.94442198232457 663.7277551335326,479.94442198232457 662.3388662998332,479.94442198232457 660.2555330492842,479.94442198232457 658.1721997987349,479.94442198232457 656.7833109650355,479.94442198232457 656.0888665481859,479.94442198232457 654.6999777144865,479.94442198232457 654.0055332976367,479.94442198232457 652.6166444639373,479.94442198232457 649.8388667965385,480.6388663991742 648.4499779628391,480.6388663991742 645.6722002954403,480.6388663991742 644.9777558785906,480.6388663991742 644.2833114617409,481.333310816024 643.5888670448912,481.333310816024 642.8944226280415,481.333310816024 642.1999782111918,481.333310816024 641.5055337943421,481.333310816024 640.8110893774924,481.333310816024 639.422200543793,481.333310816024 639.422200543793,481.333310816024 638.7277561269433,481.333310816024 638.0333117100936,481.333310816024 637.3388672932439,481.333310816024 636.6444228763942,481.333310816024 635.9499784595445,481.333310816024 635.2555340426948,481.333310816024 633.8666452089954,479.94442198232457 633.1722007921458,479.94442198232457 633.1722007921458,479.94442198232457 632.4777563752959,479.24997756547486 631.7833119584463,479.24997756547486 631.0888675415965,479.24997756547486 630.3944231247469,479.24997756547486 628.3110898741977,478.55553314862516 626.9222010404983,477.8610887317754 625.5333122067989,477.8610887317754 624.8388677899493,477.16664431492575 624.1444233730995,477.16664431492575 623.4499789562499,476.4721998980761 622.0610901225505,476.4721998980761 620.672201288851,476.4721998980761 619.2833124551516,476.4721998980761 618.5888680383019,476.4721998980761 617.1999792046025,476.4721998980761 616.5055347877528,476.4721998980761 616.5055347877528,476.4721998980761 615.8110903709031,476.4721998980761 615.8110903709031,476.4721998980761 615.1166459540534,476.4721998980761 614.4222015372037,476.4721998980761 613.0333127035043,475.7777554812264 612.3388682866546,475.7777554812264 612.3388682866546,475.7777554812264 612.3388682866546,475.0833110643767 611.6444238698049,475.0833110643767 610.9499794529552,474.38886664752704 609.5610906192558,473.6944222306773 607.4777573687068,472.99997781382757 605.3944241181575,471.61108898012816 604.6999797013079,470.91664456327845 603.3110908676085,470.22220014642875 602.6166464507587,470.22220014642875 601.9222020339091,469.5277557295791 601.2277576170593,468.83331131272934 600.5333132002097,468.83331131272934 599.8388687833599,468.13886689587963 599.1444243665103,468.13886689587963 598.4499799496605,467.44442247902987 598.4499799496605,467.44442247902987 597.7555355328109,466.7499780621802 597.0610911159612,466.0555336453305 596.3666466991115,465.3610892284808 594.9777578654121,464.66664481163116 594.2833134485624,463.9722003947815 592.1999801980132,462.58331156108204 590.8110913643138,461.8888671442323 590.1166469474641,461.8888671442323 589.4222025306144,461.19442272738263 588.033313696915,459.8055338936832 586.6444248632156,459.11108947683357 585.9499804463659,458.4166450599838 584.5610916126666,457.7222006431341 584.5610916126666,457.7222006431341 583.8666471958168,456.33331180943475 583.1722027789672,455.638867392585 583.1722027789672,455.638867392585 582.4777583621174,454.9444229757353 581.7833139452678,454.2499785588855 581.088869528418,454.2499785588855 580.3944251115684,454.2499785588855 580.3944251115684,453.55553414203587 579.0055362778689,452.86108972518616 578.3110918610191,452.1666453083365 577.6166474441695,451.4722008914868 576.9222030273197,450.77775647463716 576.2277586104701,450.0833120577874 576.2277586104701,449.3888676409377 574.8388697767707,448.6944232240879 574.1444253599209,448.6944232240879 573.4499809430713,447.3055343903886 573.4499809430713,447.3055343903886 572.7555365262215,446.61108997353887 572.7555365262215,445.9166455566892 572.0610921093719,445.22220113983946 571.3666476925222,443.83331230614 570.6722032756725,443.13886788929034 569.9777588588228,442.44442347244063 568.5888700251234,441.0555346387413 567.8944256082737,438.97220138819216 567.199981191424,437.5833125544928 565.8110923577245,436.19442372079334 565.1166479408748,434.8055348870939 564.4222035240251,434.1110904702442 563.7277591071754,433.4166460533945 563.0333146903257,432.72220163654487 563.0333146903257,432.72220163654487 563.0333146903257,432.72220163654487 562.338870273476,432.0277572196951 562.338870273476,431.3333128028454 561.6444258566263,430.63886838599564 560.9499814397766,429.944423969146 560.9499814397766,429.2499795522963 560.2555370229269,428.5555351354466 559.5610926060772,427.8610907185969 558.1722037723778,426.4722018848975 557.4777593555281,425.7777574680478 556.7833149386784,425.08331305119805 556.0888705218288,424.3888686343484 555.394426104979,423.6944242174987 554.6999816881294,422.999979800649 554.0055372712795,422.30553538379934 554.0055372712795,421.6110909669496 553.31109285443,420.91664655009987 552.6166484375801,420.2222021332501 552.6166484375801,419.52775771640046 551.9222040207305,418.83331329955075 551.2277596038807,418.13886888270105 550.5333151870311,417.4444244658513 549.8388707701813,416.74998004900164 549.1444263533317,415.3610912153022 549.1444263533317,415.3610912153022 548.449981936482,414.6666467984526 547.7555375196323,413.9722023816029 547.0610931027826,412.58331354790346 547.0610931027826,411.8888691310537 545.6722042690832,410.49998029735434 544.9777598522335,409.80553588050464 544.2833154353838,409.111091463655 544.2833154353838,408.4166470468052 543.5888710185341,407.7222026299555 542.8944266016844,407.02775821310576 542.8944266016844,406.3333137962561 542.1999821848347,405.6388693794064 542.1999821848347,404.24998054570705 541.505537767985,403.5555361288573 541.505537767985,402.8610917120076 540.8110933511352,402.1666472951578 540.8110933511352,401.47220287830817 540.1166489342855,400.7777584614585 540.1166489342855,399.3888696277591 540.1166489342855,397.9999807940597 540.1166489342855,397.30553637721 540.1166489342855,396.6110919603603 540.1166489342855,395.91664754351063 540.1166489342855,395.2222031266609 540.1166489342855,394.52775870981117 540.1166489342855,393.8333142929614 540.1166489342855,393.13886987611176 540.1166489342855,392.44442545926205 540.1166489342855,391.74998104241234 540.1166489342855,391.0555366255627 540.1166489342855,390.36109220871293 540.1166489342855,389.6666477918632 540.1166489342855,388.9722033750136 540.1166489342855,387.58331454131417 540.1166489342855,386.88887012446446 540.1166489342855,386.19442570761476 540.1166489342855,384.80553687391534 540.1166489342855,384.11109245706564 540.1166489342855,383.4166480402159 539.4222045174358,382.7222036233662 539.4222045174358,382.0277592065165 539.4222045174358,381.3333147896668 538.7277601005861,380.63887037281717 538.7277601005861,379.9444259559674 538.7277601005861,379.2499815391177 538.7277601005861,378.555537122268 538.7277601005861,378.555537122268 538.7277601005861,377.86109270541834 538.0333156837364,377.1666482885686 538.0333156837364,376.4722038717189 538.0333156837364,375.7777594548692 537.3388712668867,375.08331503801946 537.3388712668867,374.3888706211698 537.3388712668867,373.6944262043201 537.3388712668867,373.6944262043201 537.3388712668867,372.9999817874704 537.3388712668867,372.30553737062075 537.3388712668867,372.30553737062075 536.644426850037,370.9166485369213 536.644426850037,370.2222041200715 535.9499824331873,368.83331528637217 535.9499824331873,368.13887086952246 535.9499824331873,367.4444264526728 535.2555380163376,366.74998203582305 535.2555380163376,366.05553761897335 534.5610935994879,365.3610932021236 534.5610935994879,364.66664878527394 534.5610935994879,363.97220436842423 533.8666491826382,363.2777599515746 533.8666491826382,362.5833155347249 533.8666491826382,361.19442670102546 533.8666491826382,360.49998228417576 533.1722047657885,359.80553786732605 533.1722047657885,359.1110934504764 533.1722047657885,359.1110934504764 533.1722047657885,357.72220461677693 532.4777603489388,357.72220461677693 532.4777603489388,357.0277601999272 532.4777603489388,355.6388713662278 532.4777603489388,354.9444269493781 532.4777603489388,354.2499825325284 532.4777603489388,353.5555381156787 532.4777603489388,353.5555381156787 532.4777603489388,352.1666492819793 532.4777603489388,351.4722048651296 531.7833159320891,351.4722048651296 531.7833159320891,350.08331603143023 531.7833159320891,350.08331603143023 531.7833159320891,349.3888716145805 531.7833159320891,348.6944271977308 531.7833159320891,347.9999827808811 531.7833159320891,347.3055383640314 532.4777603489388,345.916649530332 532.4777603489388,345.2222051134823 532.4777603489388,344.5277606966326 532.4777603489388,343.8333162797829 532.4777603489388,343.1388718629332 532.4777603489388,342.44442744608347 533.1722047657885,342.44442744608347 533.1722047657885,341.74998302923376 533.1722047657885,341.05553861238405 533.1722047657885,340.36109419553435 533.8666491826382,338.97220536183494 533.8666491826382,338.97220536183494 534.5610935994879,338.27776094498523 534.5610935994879,337.5833165281356 535.2555380163376,336.8888721112859 535.2555380163376,335.49998327758647 535.9499824331873,334.80553886073676 535.9499824331873,334.80553886073676 535.9499824331873,334.11109444388705 536.644426850037,333.41665002703735 536.644426850037,333.41665002703735 537.3388712668867,331.33331677648823 538.0333156837364,330.6388723596385 538.7277601005861,329.9444279427888 538.7277601005861,329.9444279427888 538.7277601005861,329.2499835259391 538.7277601005861,329.2499835259391 539.4222045174358,328.5555391090894 540.1166489342855,327.8610946922397 540.8110933511352,327.16665027539 540.8110933511352,327.16665027539 541.505537767985,326.4722058585403 542.1999821848347,326.4722058585403 542.1999821848347,325.7777614416906 542.1999821848347,325.7777614416906 542.8944266016844,325.7777614416906 543.5888710185341,325.7777614416906 543.5888710185341,325.0833170248409 544.2833154353838,325.0833170248409 544.2833154353838,325.0833170248409 544.2833154353838,325.0833170248409 544.9777598522335,324.3888726079912 544.9777598522335,324.3888726079912 545.6722042690832,324.3888726079912 545.6722042690832,324.3888726079912 546.3666486859329,324.3888726079912 547.0610931027826,323.69442819114147 547.7555375196323,323.69442819114147 547.7555375196323,323.69442819114147 548.449981936482,323.69442819114147 548.449981936482,323.69442819114147 549.1444263533317,322.99998377429176 549.8388707701813,322.99998377429176 549.8388707701813,322.99998377429176 549.8388707701813,322.99998377429176 550.5333151870311,322.99998377429176 550.5333151870311,322.99998377429176 550.5333151870311,322.99998377429176 551.2277596038807,322.99998377429176 551.2277596038807,322.3055393574421 551.9222040207305,322.3055393574421 551.9222040207305,322.3055393574421 551.9222040207305,322.3055393574421 552.6166484375801,322.3055393574421 552.6166484375801,322.3055393574421 "
    />
  </>
);
export default Layer3;
