import React from 'react';

const Layer4:React.FC = () => (
  <>
    <polyline
      fill="#ebeb1a"
      stroke="#222222"
      strokeWidth="2"
      strokeLinejoin="round"
      strokeDashoffset=""
      fillRule="nonzero"
      markerStart=""
      markerMid=""
      markerEnd=""
      id="layer_1"
      fillOpacity="0"
      strokeOpacity="0"
      points="23.450002798106823,105.63888130033487 23.450002798106823,105.63888130033487 24.14444721495653,106.33332571718458 24.14444721495653,106.33332571718458 24.838891631806206,107.02777013403428 25.533336048655915,107.722214550884 26.227780465505617,107.722214550884 26.922224882355327,108.41665896773368 27.61666929920503,109.1111033845834 29.00555813290444,109.80554780143311 29.70000254975415,110.49999221828281 30.39444696660385,111.1944366351325 31.08889138345353,111.1944366351325 31.78333580030323,111.1944366351325 32.47778021715294,111.88888105198218 33.172224634002646,111.88888105198218 33.86666905085235,111.88888105198218 33.86666905085235,112.5833254688319 34.56111346770206,112.5833254688319 35.25555788455176,112.5833254688319 35.95000230140147,112.5833254688319 35.95000230140147,112.5833254688319 36.644446718251174,113.27776988568161 37.33889113510085,112.5833254688319 38.03333555195056,112.5833254688319 38.72777996880026,112.5833254688319 39.42222438564997,112.5833254688319 40.116668802499674,112.5833254688319 40.116668802499674,112.5833254688319 40.116668802499674,112.5833254688319 40.116668802499674,112.5833254688319 40.81111321934938,112.5833254688319 40.81111321934938,112.5833254688319 40.81111321934938,112.5833254688319 40.81111321934938,112.5833254688319 41.505557636199086,112.5833254688319 41.505557636199086,112.5833254688319 41.505557636199086,112.5833254688319 41.505557636199086,112.5833254688319 42.20000205304879,112.5833254688319 42.8944464698985,113.27776988568161 42.8944464698985,113.27776988568161 43.588890886748175,113.97221430253131 44.977779720447586,113.97221430253131 45.6722241372973,113.97221430253131 45.6722241372973,113.97221430253131 46.366668554147,113.97221430253131 47.0611129709967,113.97221430253131 47.0611129709967,113.97221430253131 47.75555738784641,113.97221430253131 48.45000180469612,114.66665871938102 49.14444622154581,114.66665871938102 49.8388906383955,114.66665871938102 50.5333350552452,115.36110313623072 50.5333350552452,115.36110313623072 50.5333350552452,115.36110313623072 50.5333350552452,115.36110313623072 51.22777947209491,115.36110313623072 51.22777947209491,115.36110313623072 51.22777947209491,115.36110313623072 51.92222388894462,115.36110313623072 51.92222388894462,116.05554755308043 51.92222388894462,116.05554755308043 51.92222388894462,116.05554755308043 52.61666830579432,116.05554755308043 53.311112722644026,116.74999196993015 54.00555713949373,117.44443638677981 54.700001556343445,117.44443638677981 55.39444597319314,118.13888080362952 55.39444597319314,118.13888080362952 56.08889039004285,118.13888080362952 56.08889039004285,118.83332522047922 56.783334806892526,118.83332522047922 56.783334806892526,119.52776963732893 57.47777922374223,120.22221405417865 58.17222364059193,120.91665847102833 58.86666805744164,120.91665847102833 59.56111247429135,120.91665847102833 59.56111247429135,120.91665847102833 60.255556891141055,120.91665847102833 60.255556891141055,120.91665847102833 60.255556891141055,121.61110288787805 60.95000130799075,121.61110288787805 61.644445724840466,122.30554730472775 62.33889014169017,122.30554730472775 63.03333455853985,122.30554730472775 63.727778975389555,122.99999172157746 64.42222339223926,122.99999172157746 64.42222339223926,122.99999172157746 65.11666780908897,123.69443613842712 65.81111222593867,123.69443613842712 66.50555664278838,124.38888055527683 67.20000105963808,124.38888055527683 69.2833343101872,124.38888055527683 71.36666756073632,124.38888055527683 72.75555639443567,124.38888055527683 74.14444522813508,124.38888055527683 74.83888964498479,125.08332497212655 75.5333340618345,125.08332497212655 76.9222228955339,125.08332497212655 77.61666731238361,125.08332497212655 78.31111172923332,125.08332497212655 79.00555614608302,125.08332497212655 79.00555614608302,125.08332497212655 79.00555614608302,125.08332497212655 79.70000056293273,125.08332497212655 80.39444497978243,125.08332497212655 80.39444497978243,125.08332497212655 80.39444497978243,125.08332497212655 81.08888939663214,125.08332497212655 81.08888939663214,124.38888055527683 83.17222264718126,124.38888055527683 83.86666706403096,124.38888055527683 84.56111148088067,124.38888055527683 84.56111148088067,124.38888055527683 85.25555589773032,124.38888055527683 86.64444473142973,125.08332497212655 88.72777798197885,125.08332497212655 91.50555564937767,125.08332497212655 92.89444448307707,125.08332497212655 93.58888889992679,125.08332497212655 94.28333331677649,125.77776938897625 94.9777777336262,125.77776938897625 95.6722221504759,126.47221380582596 96.36666656732561,127.16665822267566 97.06111098417531,127.16665822267566 98.44999981787468,127.16665822267566 99.14444423472436,127.86110263952537 99.83888865157407,127.86110263952537 99.83888865157407,127.86110263952537 99.83888865157407,127.86110263952537 100.53333306842379,127.86110263952537 101.22777748527349,127.86110263952537 101.22777748527349,127.86110263952537 106.78333282007114,129.94443589007446 107.47777723692084,130.63888030692416 107.47777723692084,130.63888030692416 108.86666607062025,131.33332472377387 109.56111048746996,132.02776914062358 110.25555490431961,132.02776914062358 111.644443738019,132.72221355747328 113.03333257171843,133.416657974323 114.42222140541784,134.1111023911727 115.11666582226755,134.1111023911727 116.50555465596698,134.8055468080224 117.19999907281665,134.8055468080224 118.58888790651608,135.4999912248721 118.58888790651608,136.19443564172178 119.97777674021549,136.8888800585715 119.97777674021549,136.8888800585715 119.97777674021549,136.8888800585715 119.97777674021549,136.8888800585715 120.6722211570652,137.5833244754212 121.3666655739149,137.5833244754212 122.06110999076462,138.2777688922709 123.44999882446395,138.9722133091206 124.14444324131365,138.9722133091206 124.83888765816337,139.6666577259703 125.53333207501308,140.36110214282002 126.22777649186278,141.05554655966972 126.92222090871249,141.74999097651943 127.6166653255622,142.4444353933691 128.3111097424119,142.4444353933691 129.6999985761113,143.1388798102188 129.6999985761113,143.83332422706852 129.6999985761113,143.83332422706852 129.6999985761113,143.83332422706852 130.39444299296102,143.83332422706852 130.39444299296102,143.83332422706852 130.39444299296102,143.83332422706852 130.39444299296102,143.83332422706852 130.39444299296102,143.83332422706852 131.08888740981072,144.52776864391822 131.78333182666043,144.52776864391822 132.47777624351014,145.22221306076793 133.17222066035984,145.91665747761763 133.86666507720955,146.61110189446734 134.56110949405925,146.61110189446734 135.25555391090896,147.30554631131704 136.6444427446083,147.99999072816675 137.33888716145802,148.69443514501643 138.03333157830772,149.38887956186613 138.72777599515743,149.38887956186613 139.42222041200714,150.08332397871584 140.11666482885684,150.08332397871584 140.81110924570655,150.77776839556554 141.50555366255625,150.77776839556554 142.19999807940596,151.47221281241525 142.19999807940596,151.47221281241525 142.89444249625566,151.47221281241525 142.89444249625566,151.47221281241525 143.58888691310537,152.16665722926496 143.58888691310537,152.16665722926496 144.28333132995508,152.16665722926496 145.6722201636545,152.86110164611466 146.3666645805042,153.55554606296437 146.3666645805042,153.55554606296437 147.0611089973539,153.55554606296437 147.7555534142036,154.24999047981407 148.44999783105325,154.24999047981407 149.14444224790296,154.24999047981407 149.83888666475266,154.94443489666375 151.22777549845208,154.94443489666375 151.92221991530178,154.94443489666375 152.6166643321515,155.63887931351346 153.3111087490012,155.63887931351346 154.0055531658509,156.33332373036316 154.6999975827006,156.33332373036316 155.3944419995503,157.02776814721287 155.3944419995503,157.02776814721287 156.08888641640002,157.02776814721287 156.08888641640002,157.02776814721287 156.78333083324972,157.72221256406257 157.47777525009943,157.72221256406257 157.47777525009943,157.72221256406257 158.17221966694913,158.41665698091228 158.86666408379884,158.41665698091228 159.56110850064854,159.11110139776198 160.9499973343479,159.8055458146117 163.03333058489702,160.4999902314614 164.42221941859643,161.1944346483111 165.11666383544613,161.1944346483111 165.81110825229584,161.88887906516078 166.50555266914554,161.88887906516078 167.19999708599525,162.58332348201048 167.89444150284496,163.2777678988602 168.58888591969466,163.2777678988602 169.28333033654437,163.2777678988602 170.67221917024378,163.9722123157099 171.36666358709348,163.9722123157099 172.0611080039432,163.9722123157099 172.0611080039432,163.9722123157099 172.7555524207929,163.9722123157099 172.7555524207929,164.6666567325596 173.4499968376426,164.6666567325596 174.14444125449225,164.6666567325596 174.83888567134196,164.6666567325596 174.83888567134196,164.6666567325596 175.53333008819166,164.6666567325596 175.53333008819166,164.6666567325596 175.53333008819166,164.6666567325596 176.22777450504137,165.3611011494093 176.92221892189107,165.3611011494093 178.31110775559048,165.3611011494093 179.6999965892899,165.3611011494093 180.39444100613963,165.3611011494093 181.0888854229893,166.055545566259 181.78332983983898,166.055545566259 182.47777425668872,166.055545566259 183.17221867353842,166.74998998310872 183.86666309038813,166.74998998310872 183.86666309038813,166.74998998310872 184.56110750723784,166.74998998310872 185.25555192408757,166.74998998310872 185.25555192408757,166.74998998310872 185.25555192408757,166.74998998310872 185.94999634093725,166.74998998310872 185.94999634093725,167.44443439995842 186.6444407577869,167.44443439995842 186.6444407577869,167.44443439995842 187.33888517463657,167.44443439995842 187.33888517463657,167.44443439995842 187.33888517463657,167.44443439995842 188.0333295914863,168.1388788168081 188.727774008336,168.8333232336578 190.11666284203542,168.8333232336578 190.81110725888513,169.5277676505075 191.50555167573484,169.5277676505075 192.19999609258457,169.5277676505075 192.89444050943425,170.22221206735722 193.58888492628392,170.22221206735722 194.28332934313366,170.91665648420692 194.97777375998336,170.91665648420692 196.36666259368278,170.91665648420692 197.0611070105325,170.91665648420692 197.7555514273822,170.91665648420692 198.44999584423186,170.91665648420692 199.1444402610815,171.61110090105663 199.83888467793125,171.61110090105663 200.53332909478092,171.61110090105663 201.22777351163066,171.61110090105663 201.92221792848036,172.30554531790634 202.61666234533007,172.30554531790634 202.61666234533007,172.30554531790634 203.31110676217978,172.99998973475604 204.0055511790295,172.99998973475604 204.6999955958792,172.99998973475604 205.39444001272886,173.69443415160575 206.0888844295786,173.69443415160575 206.0888844295786,174.38887856845543 206.7833288464283,175.08332298530513 207.477773263278,175.08332298530513 208.86666209697742,175.77776740215484 209.56110651382713,176.47221181900454 210.25555093067686,176.47221181900454 210.94999534752654,176.47221181900454 211.6444397643762,177.16665623585425 211.6444397643762,177.16665623585425 212.33888418122586,177.16665623585425 213.0333285980756,177.86110065270395 213.0333285980756,177.86110065270395 213.7277730149253,177.86110065270395 215.11666184862472,177.86110065270395 215.81110626547445,178.55554506955366 216.50555068232413,178.55554506955366 217.1999950991738,179.2499894864034 217.89443951602354,179.94443390325307 218.58888393287324,179.94443390325307 218.58888393287324,180.63887832010275 219.28332834972295,180.63887832010275 220.67221718342236,181.33332273695245 221.36666160027207,182.02776715380216 222.0611060171218,182.02776715380216 222.75555043397148,182.72221157065187 222.75555043397148,183.4166559875016 223.44999485082116,183.4166559875016 223.44999485082116,184.11110040435128 224.1444392676709,184.80554482120095 224.83888368452054,185.4999892380507 225.53332810137024,185.4999892380507 226.22777251821995,186.1944336549004 226.22777251821995,186.1944336549004 226.92221693506966,186.1944336549004 226.92221693506966,186.88887807175007 227.6166613519194,186.88887807175007 227.6166613519194,186.88887807175007 227.6166613519194,186.88887807175007 228.31110576876907,187.58332248859975 228.31110576876907,187.58332248859975 228.31110576876907,187.58332248859975 229.0055501856188,187.58332248859975 229.0055501856188,188.27776690544948 229.69999460246848,188.27776690544948 229.69999460246848,188.9722113222992 230.39443901931816,188.9722113222992 230.39443901931816,189.6666557391489 231.0888834361679,189.6666557391489 231.0888834361679,190.3611001559986 231.7833278530176,190.3611001559986 231.7833278530176,191.0555445728483 232.4777722698673,191.749988989698 232.4777722698673,191.749988989698 233.86666110356674,192.44443340654774 235.94999435411583,193.8333222402471 235.94999435411583,193.8333222402471 236.64443877096554,194.5277666570968 237.33888318781518,194.5277666570968 238.0333276046649,195.22221107394654 238.7277720215146,195.91665549079622 239.4222164383643,195.91665549079622 240.116660855214,196.6110999076459 240.116660855214,196.6110999076459 240.116660855214,196.6110999076459 240.81110527206374,197.30554432449563 240.81110527206374,197.30554432449563 241.50554968891342,197.30554432449563 242.1999941057631,197.99998874134533 242.89443852261283,198.69443315819504 243.58888293946254,198.69443315819504 244.28332735631224,199.38887757504475 244.97777177316195,199.38887757504475 245.67221619001168,200.08332199189442 246.36666060686136,200.08332199189442 246.36666060686136,200.08332199189442 247.06110502371104,200.7777664087441 247.75554944056077,200.7777664087441 248.44999385741045,200.7777664087441 248.44999385741045,200.7777664087441 249.14443827426018,201.47221082559383 249.14443827426018,201.47221082559383 249.83888269110983,201.47221082559383 250.53332710795954,202.16665524244354 250.53332710795954,202.16665524244354 251.22777152480924,202.86109965929325 251.22777152480924,202.86109965929325 251.92221594165895,203.55554407614295 252.61666035850868,203.55554407614295 253.31110477535836,204.24998849299268 253.31110477535836,204.94443290984236 254.00554919220804,204.94443290984236 254.69999360905777,205.63887732669204 255.39443802590748,206.33332174354175 256.08888244275715,206.33332174354175 256.08888244275715,206.33332174354175 256.78332685960686,207.02776616039148 257.47777127645656,207.02776616039148 257.47777127645656,207.02776616039148 257.47777127645656,207.02776616039148 258.17221569330627,207.02776616039148 258.866660110156,207.72221057724116 258.866660110156,207.72221057724116 259.5611045270057,207.72221057724116 260.2555489438554,208.41665499409083 260.9499933607051,209.11109941094057 261.6444377775548,209.11109941094057 262.3388821944045,209.11109941094057 263.0333266112542,209.11109941094057 263.0333266112542,209.80554382779025 263.7277710281039,209.80554382779025 264.4222154449536,209.80554382779025 265.1166598618033,209.80554382779025 265.81110427865303,209.80554382779025 266.50554869550274,209.80554382779025 267.89443752920215,209.80554382779025 268.58888194605186,209.80554382779025 269.28332636290156,210.49998824463998 269.97777077975127,210.49998824463998 270.672215196601,210.49998824463998 272.0611040303004,210.49998824463998 272.0611040303004,210.49998824463998 272.7555484471501,210.49998824463998 273.4499928639998,210.49998824463998 273.4499928639998,210.49998824463998 274.1444372808495,211.19443266148969 274.8388816976992,211.19443266148969 275.5333261145488,211.19443266148969 276.2277705313985,211.19443266148969 277.6166593650979,211.8888770783394 278.3111037819476,212.5833214951891 279.0055481987973,212.5833214951891 280.39443703249674,212.5833214951891 281.08888144934645,212.5833214951891 281.78332586619615,213.27776591203883 282.47777028304586,213.27776591203883 283.17221469989556,213.27776591203883 284.561103533595,213.27776591203883 284.561103533595,213.27776591203883 285.2555479504447,213.27776591203883 285.9499923672944,213.27776591203883 286.6444367841441,213.27776591203883 286.6444367841441,213.27776591203883 287.3388812009938,213.27776591203883 287.3388812009938,213.27776591203883 287.3388812009938,213.27776591203883 288.0333256178435,213.27776591203883 288.0333256178435,213.27776591203883 288.7277700346932,213.27776591203883 289.4222144515429,213.27776591203883 290.1166588683926,213.9722103288885 290.8111032852423,213.9722103288885 291.50554770209203,213.9722103288885 292.19999211894174,213.9722103288885 292.89443653579144,213.9722103288885 293.58888095264115,213.9722103288885 293.58888095264115,213.9722103288885 294.28332536949085,213.9722103288885 294.28332536949085,213.9722103288885 294.28332536949085,213.9722103288885 294.97776978634056,214.66665474573819 294.97776978634056,214.66665474573819 295.67221420319026,214.66665474573819 296.36665862003997,214.66665474573819 297.0611030368897,214.66665474573819 297.7555474537394,215.36109916258783 298.4499918705891,215.36109916258783 299.8388807042885,216.05554357943757 301.2277695379878,216.74998799628727 302.6166583716872,217.44443241313698 303.3111027885369,217.44443241313698 304.0055472053866,218.13887682998669 304.6999916222363,218.13887682998669 304.6999916222363,218.13887682998669 305.39443603908603,218.13887682998669 306.08888045593574,218.13887682998669 306.78332487278544,218.13887682998669 306.78332487278544,218.83332124683642 307.47776928963515,218.83332124683642 307.47776928963515,218.83332124683642 308.17221370648485,218.83332124683642 308.17221370648485,218.83332124683642 309.56110254018427,218.83332124683642 309.56110254018427,218.83332124683642 310.25554695703397,218.83332124683642 310.9499913738837,219.5277656636861 311.6444357907334,219.5277656636861 312.3388802075831,220.22221008053583 313.7277690412825,220.22221008053583 314.4222134581322,220.22221008053583 314.4222134581322,220.22221008053583 315.8111022918316,220.9166544973855 316.5055467086813,220.9166544973855 317.199991125531,220.9166544973855 317.89443554238073,220.9166544973855 318.58887995923044,221.61109891423519 319.28332437608015,221.61109891423519 319.97776879292985,221.61109891423519 321.36665762662926,221.61109891423519 323.4499908771784,222.30554333108492 324.1444352940281,222.99998774793463 325.5333241277275,222.99998774793463 326.2277685445772,223.69443216478433 326.2277685445772,223.69443216478433 326.9222129614269,223.69443216478433 327.6166573782766,224.38887658163404 328.3111017951263,224.38887658163404 329.005546211976,224.38887658163404 329.005546211976,225.08332099848377 329.69999062882573,225.08332099848377 329.69999062882573,225.08332099848377 331.08887946252514,226.47220983218313 332.47776829622444,227.16665424903286 333.86665712992385,227.16665424903286 334.56110154677356,227.86109866588257 335.25554596362326,227.86109866588257 335.94999038047297,228.5555430827322 336.6444347973227,228.5555430827322 337.3388792141724,229.24998749958192 338.0333236310221,229.24998749958192 338.7277680478718,229.24998749958192 340.1166568815712,229.94443191643163 340.1166568815712,229.94443191643163 340.8111012984209,229.94443191643163 341.5055457152706,230.63887633328133 342.89443454897,230.63887633328133 342.89443454897,230.63887633328133 343.58887896581973,231.33332075013104 344.28332338266944,231.33332075013104 344.97776779951914,231.33332075013104 345.67221221636885,232.02776516698077 345.67221221636885,232.02776516698077 346.36665663321855,232.02776516698077 346.36665663321855,232.02776516698077 347.06110105006826,232.02776516698077 347.06110105006826,232.02776516698077 347.75554546691797,232.72220958383045 348.44998988376767,232.72220958383045 348.44998988376767,232.72220958383045 349.8388787174671,232.72220958383045 350.5333231343168,232.72220958383045 351.2277675511665,232.72220958383045 351.9222119680162,232.72220958383045 352.6166563848659,233.41665400068013 353.3111008017156,233.41665400068013 354.0055452185653,233.41665400068013 354.699989635415,233.41665400068013 355.3944340522647,233.41665400068013 356.08887846911443,233.41665400068013 356.7833228859642,234.11109841752986 358.1722117196635,234.11109841752986 359.56110055336285,234.11109841752986 360.9499893870622,234.11109841752986 360.9499893870622,234.11109841752986 361.64443380391197,234.11109841752986 361.64443380391197,234.11109841752986 362.33887822076167,234.11109841752986 362.33887822076167,234.80554283437957 363.03332263761143,234.80554283437957 363.03332263761143,234.80554283437957 363.7277670544611,234.80554283437957 364.4222114713108,234.80554283437957 365.1166558881605,235.49998725122927 365.1166558881605,235.49998725122927 365.81110030501014,235.49998725122927 366.5055447218599,236.19443166807898 367.1999891387096,236.8888760849287 368.588877972409,237.5833205017784 369.28332238925873,237.5833205017784 370.6722112229582,238.27776491862807 371.36665563980785,238.27776491862807 372.06110005665755,238.9722093354778 373.4499888903569,239.66665375232748 374.14443330720667,239.66665375232748 374.8388777240564,239.66665375232748 375.53332214090614,240.3610981691772 375.53332214090614,240.3610981691772 376.2277665577558,240.3610981691772 376.9222109746055,240.3610981691772 377.6166553914552,240.3610981691772 378.31109980830485,240.3610981691772 378.31109980830485,241.05554258602686 379.6999886420043,241.05554258602686 380.3944330588541,241.05554258602686 381.0888774757037,241.05554258602686 381.0888774757037,241.74998700287657 381.78332189255343,241.74998700287657 381.78332189255343,241.74998700287657 381.78332189255343,241.74998700287657 382.47776630940314,241.74998700287657 382.47776630940314,241.74998700287657 382.47776630940314,241.74998700287657 383.17221072625273,241.74998700287657 383.17221072625273,241.74998700287657 383.17221072625273,241.74998700287657 383.86665514310243,241.74998700287657 383.86665514310243,241.74998700287657 383.86665514310243,241.74998700287657 383.86665514310243,241.74998700287657 383.86665514310243,241.74998700287657 384.5610995599521,242.44443141972627 385.25554397680185,242.44443141972627 385.94998839365155,243.13887583657598 387.33887722735096,243.13887583657598 388.03332164420067,243.13887583657598 388.7277660610504,243.8333202534257 388.7277660610504,243.8333202534257 389.4222104779,243.8333202534257 390.1166548947498,244.5277646702754 391.5055437284492,245.22220908712507 392.8944325621486,245.9166535039748 393.5888769789983,246.6110979208245 394.2833213958481,246.6110979208245 394.9777658126977,246.6110979208245 394.9777658126977,247.3055423376742 395.67221022954743,247.3055423376742 395.67221022954743,247.3055423376742 396.36665464639714,247.99998675452392 397.0610990632468,247.99998675452392 398.44998789694625,248.69443117137362 399.144432313796,248.69443117137362 399.144432313796,249.38887558822333 399.83887673064567,249.38887558822333 400.53332114749537,250.08332000507306 401.2277655643451,250.77776442192274 401.9222099811947,250.77776442192274 402.6166543980445,250.77776442192274 404.00554323174396,251.47220883877242 404.00554323174396,251.47220883877242 405.3944320654433,252.16665325562215 406.088876482293,252.16665325562215 406.78332089914267,252.16665325562215 407.47776531599243,252.86109767247186 408.17220973284213,252.86109767247186 408.8666541496917,252.86109767247186 409.56109856654143,253.5555420893215 410.9499874002408,253.5555420893215 411.64443181709055,253.5555420893215 411.64443181709055,253.5555420893215 413.72776506763967,254.2499865061712 414.4222094844894,254.94443092302092 415.1166539013391,254.94443092302092 415.8110983181887,255.63887533987065 416.5055427350385,255.63887533987065 417.1999871518882,255.63887533987065 419.977764819287,257.02776417357006 421.36665365298643,257.02776417357006 422.7555424866859,257.02776417357006 422.7555424866859,257.72220859041977 423.44998690353555,257.72220859041977 424.14443132038525,257.72220859041977 424.14443132038525,257.72220859041977 424.83887573723496,258.4166530072695 426.22776457093437,258.4166530072695 427.61665340463384,258.4166530072695 428.3110978214835,259.1110974241192 429.6999866551829,259.1110974241192 431.783319905732,259.8055418409689 432.4777643225817,259.8055418409689 433.86665315628113,259.8055418409689 433.86665315628113,260.4999862578186 433.86665315628113,260.4999862578186 434.56109757313067,260.4999862578186 434.56109757313067,260.4999862578186 434.56109757313067,260.4999862578186 435.25554198998043,260.4999862578186 435.94998640683013,260.4999862578186 436.6444308236799,261.1944306746683 437.33887524052955,261.1944306746683 438.03331965737925,261.1944306746683 438.03331965737925,261.888875091518 438.72776407422896,261.888875091518 439.4222084910786,261.888875091518 440.11665290792837,261.888875091518 440.11665290792837,262.5833195083677 440.8110973247781,262.5833195083677 442.1999861584775,262.5833195083677 442.1999861584775,262.5833195083677 442.8944305753272,263.2777639252174 442.8944305753272,263.2777639252174 442.8944305753272,263.2777639252174 443.5888749921769,263.2777639252174 443.5888749921769,263.2777639252174 444.28331940902655,263.9722083420671 444.9777638258763,264.6666527589168 445.672208242726,264.6666527589168 446.3666526595758,265.36109717576653 447.0610970764254,265.36109717576653 447.0610970764254,266.05554159261624 447.75554149327513,266.74998600946583 449.1444303269746,266.74998600946583 449.83887474382425,267.44443042631553 450.53331916067395,267.44443042631553 451.22776357752366,268.13887484316524 451.9222079943733,268.13887484316524 451.9222079943733,268.13887484316524 451.9222079943733,268.83331926001495 452.6166524112231,268.83331926001495 452.6166524112231,269.52776367686465 454.00554124492254,269.52776367686465 454.00554124492254,270.22220809371436 454.00554124492254,270.22220809371436 454.6999856617722,270.91665251056406 454.6999856617722,270.91665251056406 455.3944300786219,271.61109692741377 456.0888744954716,272.3055413442635 456.78331891232125,272.9999857611132 456.78331891232125,272.9999857611132 457.477763329171,273.6944301779629 457.477763329171,273.6944301779629 458.1722077460207,273.6944301779629 458.1722077460207,273.6944301779629 458.1722077460207,274.3888745948126 458.8666521628705,274.3888745948126 458.8666521628705,274.3888745948126 458.8666521628705,274.3888745948126 459.56109657972,274.3888745948126 459.56109657972,275.0833190116623 460.2555409965698,275.0833190116623 460.2555409965698,275.0833190116623 460.9499854134194,275.0833190116623 460.9499854134194,275.777763428512 461.64442983026913,275.777763428512 462.33887424711884,276.4722078453617 463.0333186639685,276.4722078453617 463.72776308081825,276.4722078453617 464.42220749766796,277.1666522622114 465.1166519145177,277.1666522622114 465.81109633136737,277.8610966790611 467.1999851650668,278.5555410959108 467.89442958191654,279.24998551276053 467.89442958191654,279.24998551276053 467.89442958191654,279.24998551276053 468.5888739987662,279.24998551276053 468.5888739987662,279.24998551276053 468.5888739987662,279.24998551276053 468.5888739987662,279.24998551276053 469.2833184156159,279.24998551276053 469.2833184156159,279.24998551276053 469.9777628324656,279.94442992961024 470.67220724931525,279.94442992961024 472.0610960830147,279.94442992961024 472.7555404998645,279.94442992961024 473.44998491671413,280.63887434645994 474.14442933356383,280.63887434645994 474.83887375041354,280.63887434645994 475.5333181672632,281.33331876330965 476.22776258411295,281.33331876330965 476.92220700096266,282.02776318015935 477.6166514178124,282.02776318015935 478.31109583466207,282.72220759700906 478.31109583466207,282.72220759700906 479.0055402515118,283.41665201385877 479.0055402515118,283.41665201385877 479.0055402515118,283.41665201385877 479.6999846683615,283.41665201385877 479.6999846683615,283.41665201385877 479.6999846683615,283.41665201385877 479.6999846683615,283.41665201385877 480.39442908521113,284.11109643070847 480.39442908521113,284.11109643070847 481.0888735020609,284.8055408475582 481.0888735020609,284.8055408475582 481.0888735020609,284.8055408475582 481.7833179189106,285.4999852644079 481.7833179189106,286.1944296812576 482.47776233576036,286.8888740981073 483.17220675261,287.583318514957 483.8666511694597,288.2777629318067 484.5610955863094,288.9722073486564 484.5610955863094,289.6666517655061 485.255540003159,289.6666517655061 485.255540003159,291.05554059920553 485.255540003159,291.05554059920553 485.9499844200087,291.7499850160551 485.9499844200087,292.4444294329048 485.9499844200087,293.13887384975453 486.64442883685837,294.52776268345394 486.64442883685837,295.22220710030365 486.64442883685837,295.91665151715335 486.64442883685837,296.61109593400306 487.33887325370813,297.30554035085277 487.33887325370813,297.9999847677025 487.33887325370813,297.9999847677025 488.03331767055784,298.6944291845522 488.03331767055784,299.3888736014019 488.03331767055784,300.0833180182516 488.72776208740754,300.7777624351013 488.72776208740754,300.7777624351013 488.72776208740754,300.7777624351013 488.72776208740754,301.472206851951 489.4222065042572,302.1666512688007 490.11665092110695,302.8610956856504 490.11665092110695,303.5555401025001 490.11665092110695,304.2499845193498 490.11665092110695,304.2499845193498 490.81109533795666,304.2499845193498 490.81109533795666,304.94442893619953 490.81109533795666,305.63887335304923 491.5055397548064,305.63887335304923 491.5055397548064,306.33331776989894 492.19998417165607,307.02776218674865 492.19998417165607,307.02776218674865 492.19998417165607,307.02776218674865 492.19998417165607,307.72220660359835 492.19998417165607,308.41665102044806 492.8944285885058,309.11109543729776 492.8944285885058,309.11109543729776 492.8944285885058,310.4999842709972 493.5888730053555,310.4999842709972 493.5888730053555,311.1944286878469 493.5888730053555,311.8888731046966 493.5888730053555,311.8888731046966 494.28331742220513,312.5833175215463 494.28331742220513,313.277761938396 494.28331742220513,313.9722063552457 494.9777618390549,316.7499840226445 495.6722062559046,320.22220610689294 496.36665067275436,322.99998377429176 496.36665067275436,322.99998377429176 496.36665067275436,322.99998377429176 496.36665067275436,323.69442819114147 496.36665067275436,324.3888726079912 496.36665067275436,325.7777614416906 495.6722062559046,327.16665027539 495.6722062559046,327.8610946922397 495.6722062559046,328.5555391090894 494.9777618390549,329.9444279427888 494.28331742220513,331.33331677648823 494.28331742220513,332.02776119333794 493.5888730053555,333.41665002703735 493.5888730053555,334.11109444388705 493.5888730053555,334.11109444388705 493.5888730053555,335.49998327758647 492.8944285885058,336.1944276944362 492.8944285885058,336.8888721112859 492.19998417165607,338.2777609449853 491.5055397548064,341.7499830292338 491.5055397548064,341.7499830292338 490.81109533795666,342.4444274460834 490.81109533795666,343.8333162797828 490.81109533795666,343.8333162797828 490.11665092110695,344.5277606966325 490.11665092110695,345.22220511348223 489.4222065042572,345.22220511348223 488.72776208740754,345.91664953033194 486.64442883685837,347.99998278088106 485.9499844200087,349.38887161458047 485.255540003159,350.0833160314302 485.255540003159,350.7777604482799 484.5610955863094,351.4722048651296 484.5610955863094,352.861093698829 484.5610955863094,354.2499825325284 483.8666511694597,354.9444269493781 483.17220675261,355.6388713662278 482.47776233576036,357.0277601999272 482.47776233576036,357.0277601999272 481.7833179189106,357.0277601999272 481.0888735020609,357.72220461677693 480.39442908521113,358.41664903362664 479.0055402515118,359.1110934504764 478.31109583466207,359.80553786732605 476.92220700096266,361.19442670102546 476.22776258411295,361.8888711178752 474.83887375041354,363.2777599515746 472.7555404998645,364.66664878527394 471.366651666165,365.3610932021237 470.67220724931525,366.74998203582317 469.2833184156159,367.4444264526728 468.5888739987662,368.13887086952246 467.1999851650668,368.8333152863721 467.1999851650668,368.8333152863721 466.5055407482171,369.5277597032218 465.81109633136737,369.5277597032218 465.1166519145177,370.2222041200715 465.1166519145177,370.2222041200715 464.42220749766796,370.2222041200715 464.42220749766796,370.9166485369212 463.72776308081825,370.9166485369212 463.72776308081825,371.61109295377094 463.72776308081825,371.61109295377094 462.33887424711884,371.61109295377094 461.64442983026913,372.30553737062064 460.9499854134194,372.9999817874704 459.56109657972,373.69442620432005 458.8666521628705,374.38887062116976 457.477763329171,375.7777594548691 456.78331891232125,376.4722038717189 455.3944300786219,377.1666482885686 454.6999856617722,377.1666482885686 454.00554124492254,377.86109270541834 453.3110968280728,377.86109270541834 453.3110968280728,377.86109270541834 451.9222079943733,377.86109270541834 449.1444303269746,378.555537122268 448.44998591012484,378.555537122268 443.5888749921769,379.9444259559674 440.8110973247781,379.9444259559674 439.4222084910786,380.63887037281717 438.03331965737925,381.3333147896668 437.33887524052955,381.3333147896668 435.94998640683013,381.3333147896668 434.56109757313067,381.3333147896668 433.17220873943137,381.3333147896668 432.4777643225817,382.0277592065165 429.6999866551829,382.0277592065165 426.9222089877841,382.0277592065165 425.5333201540846,382.7222036233662 422.7555424866859,383.4166480402159 422.7555424866859,383.4166480402159 421.36665365298643,383.4166480402159 419.977764819287,383.4166480402159 417.89443156873796,383.4166480402159 415.8110983181887,383.4166480402159 413.72776506763967,383.4166480402159 412.33887623394025,382.7222036233662 410.9499874002408,382.7222036233662 409.56109856654143,382.7222036233662 408.17220973284213,382.7222036233662 406.088876482293,382.7222036233662 402.6166543980445,382.7222036233662 399.83887673064567,382.7222036233662 394.2833213958481,382.7222036233662 390.8110993115995,382.7222036233662 388.7277660610504,383.4166480402159 387.33887722735096,383.4166480402159 385.25554397680185,383.4166480402159 385.25554397680185,383.4166480402159 384.5610995599521,383.4166480402159 384.5610995599521,383.4166480402159 384.5610995599521,383.4166480402159 383.86665514310243,383.4166480402159 383.17221072625273,383.4166480402159 379.0055442251546,383.4166480402159 376.2277665577558,382.7222036233662 373.4499888903569,382.0277592065165 372.06110005665755,381.3333147896668 371.36665563980785,381.3333147896668 370.6722112229582,381.3333147896668 370.6722112229582,381.3333147896668 369.97776680610843,381.3333147896668 369.97776680610843,381.3333147896668 369.28332238925873,381.3333147896668 368.588877972409,381.3333147896668 367.8944335555594,381.3333147896668 367.1999891387096,381.3333147896668 366.5055447218599,381.3333147896668 364.4222114713108,381.3333147896668 363.7277670544611,381.3333147896668 362.33887822076167,381.3333147896668 362.33887822076167,381.3333147896668 360.9499893870622,381.3333147896668 360.9499893870622,381.3333147896668 360.25554497021255,381.3333147896668 360.25554497021255,381.3333147896668 359.56110055336285,380.63887037281717 358.86665613651314,380.63887037281717 357.47776730281385,380.63887037281717 356.7833228859642,380.63887037281717 354.699989635415,380.63887037281717 353.3111008017156,380.63887037281717 351.2277675511665,381.3333147896668 349.8388787174671,381.3333147896668 349.1444343006174,381.3333147896668 348.44998988376767,381.3333147896668 347.06110105006826,381.3333147896668 345.67221221636885,381.3333147896668 344.97776779951914,381.3333147896668 343.58887896581973,382.0277592065165 342.89443454897,382.0277592065165 342.1999901321203,382.0277592065165 341.5055457152706,382.7222036233662 340.1166568815712,382.7222036233662 339.4222124647215,382.7222036233662 338.7277680478718,382.7222036233662 338.7277680478718,382.7222036233662 337.3388792141724,382.7222036233662 335.94999038047297,383.4166480402159 335.25554596362326,383.4166480402159 333.86665712992385,383.4166480402159 333.17221271307415,383.4166480402159 331.78332387937485,384.11109245706564 330.39443504567544,384.11109245706564 329.69999062882573,384.11109245706564 329.005546211976,384.11109245706564 328.3111017951263,384.11109245706564 326.9222129614269,383.4166480402159 326.2277685445772,383.4166480402159 325.5333241277275,383.4166480402159 324.1444352940281,382.7222036233662 321.36665762662926,382.0277592065165 315.8111022918316,381.3333147896668 311.6444357907334,381.3333147896668 310.25554695703397,380.63887037281717 308.86665812333456,379.9444259559674 308.17221370648485,379.9444259559674 308.17221370648485,379.9444259559674 307.47776928963515,379.9444259559674 306.78332487278544,379.2499815391177 305.39443603908603,379.2499815391177 304.6999916222363,379.2499815391177 304.6999916222363,379.2499815391177 303.3111027885369,378.555537122268 301.2277695379878,378.555537122268 301.2277695379878,378.555537122268 300.5333251211382,378.555537122268 300.5333251211382,378.555537122268 299.8388807042885,378.555537122268 299.1444362874388,378.555537122268 296.36665862003997,378.555537122268 295.67221420319026,377.86109270541834 293.58888095264115,377.86109270541834 292.19999211894174,377.86109270541834 291.50554770209203,377.86109270541834 291.50554770209203,377.86109270541834 290.8111032852423,377.86109270541834 290.1166588683926,377.86109270541834 289.4222144515429,377.86109270541834 288.0333256178435,377.86109270541834 285.9499923672944,378.555537122268 283.86665911674527,379.2499815391177 283.17221469989556,379.2499815391177 282.47777028304586,379.2499815391177 281.08888144934645,379.9444259559674 279.0055481987973,380.63887037281717 278.3111037819476,380.63887037281717 278.3111037819476,380.63887037281717 276.9222149482482,381.3333147896668 275.5333261145488,381.3333147896668 274.1444372808495,382.0277592065165 272.0611040303004,382.0277592065165 271.3666596134507,382.0277592065165 269.97777077975127,382.0277592065165 269.28332636290156,382.0277592065165 267.19999311235244,382.7222036233662 265.81110427865303,382.7222036233662 264.4222154449536,382.7222036233662 263.7277710281039,382.7222036233662 262.3388821944045,383.4166480402159 260.9499933607051,383.4166480402159 257.47777127645656,383.4166480402159 256.78332685960686,384.11109245706564 256.08888244275715,384.11109245706564 256.08888244275715,384.11109245706564 254.69999360905777,384.11109245706564 253.31110477535836,384.11109245706564 252.61666035850868,384.11109245706564 250.53332710795954,384.11109245706564 249.83888269110983,384.11109245706564 249.14443827426018,383.4166480402159 247.75554944056077,383.4166480402159 246.36666060686136,383.4166480402159 244.97777177316195,383.4166480402159 244.28332735631224,383.4166480402159 242.89443852261283,382.7222036233662 242.1999941057631,382.7222036233662 240.81110527206374,382.7222036233662 239.4222164383643,382.7222036233662 238.7277720215146,382.7222036233662 238.0333276046649,382.7222036233662 235.94999435411583,382.7222036233662 234.56110552041642,382.7222036233662 226.92221693506966,384.11109245706564 226.22777251821995,384.11109245706564 224.83888368452054,384.11109245706564 224.83888368452054,384.11109245706564 222.75555043397148,384.80553687391534 222.0611060171218,384.80553687391534 220.67221718342236,384.80553687391534 219.28332834972295,384.80553687391534 219.28332834972295,384.80553687391534 218.58888393287324,384.80553687391534 217.1999950991738,384.80553687391534 214.422217431775,384.80553687391534 212.33888418122586,384.80553687391534 207.477773263278,383.4166480402159 203.31110676217978,382.7222036233662 201.92221792848036,382.7222036233662 201.22777351163066,382.7222036233662 200.53332909478092,382.7222036233662 199.1444402610815,382.7222036233662 197.7555514273822,383.4166480402159 195.67221817683307,384.11109245706564 194.97777375998336,384.11109245706564 192.89444050943425,384.11109245706564 191.50555167573484,384.11109245706564 190.11666284203542,383.4166480402159 188.727774008336,383.4166480402159 188.0333295914863,383.4166480402159 186.6444407577869,383.4166480402159 185.94999634093725,383.4166480402159 185.25555192408757,383.4166480402159 183.86666309038813,382.7222036233662 182.47777425668872,382.0277592065165 179.6999965892899,382.0277592065165 171.36666358709348,379.9444259559674 165.81110825229584,379.9444259559674 162.3388861680473,380.63887037281717 160.9499973343479,380.63887037281717 158.86666408379884,380.63887037281717 155.3944419995503,382.0277592065165 154.0055531658509,382.7222036233662 154.0055531658509,382.7222036233662 153.3111087490012,382.7222036233662 153.3111087490012,382.7222036233662 152.6166643321515,382.7222036233662 150.53333108160237,382.7222036233662 148.44999783105325,382.0277592065165 147.0611089973539,382.0277592065165 146.3666645805042,382.0277592065165 146.3666645805042,382.0277592065165 144.97777574680478,381.3333147896668 144.28333132995508,381.3333147896668 142.19999807940596,381.3333147896668 141.50555366255625,381.3333147896668 140.11666482885684,381.3333147896668 137.33888716145802,381.3333147896668 137.33888716145802,381.3333147896668 135.9499983277586,381.3333147896668 133.86666507720955,381.3333147896668 131.78333182666043,380.63887037281717 131.08888740981072,380.63887037281717 129.6999985761113,380.63887037281717 129.0055541592616,379.9444259559674 126.22777649186278,379.2499815391177 123.44999882446395,379.2499815391177 119.97777674021549,379.2499815391177 117.19999907281665,378.555537122268 115.81111023911726,377.86109270541834 115.11666582226755,377.86109270541834 113.72777698856814,377.1666482885686 112.33888815486873,376.4722038717189 110.94999932116933,376.4722038717189 110.25555490431961,375.7777594548691 108.17222165377055,374.38887062116976 106.08888840322143,373.69442620432005 101.22777748527349,373.69442620432005 99.14444423472436,373.69442620432005 98.44999981787468,372.9999817874704 97.06111098417531,372.30553737062064 97.06111098417531,372.30553737062064 95.6722221504759,371.61109295377094 94.9777777336262,370.9166485369212 93.58888889992679,369.5277597032218 90.81111123252796,368.13887086952246 88.03333356512914,367.4444264526728 80.39444497978243,365.3610932021237 78.31111172923332,365.3610932021237 76.9222228955339,363.9722043684243 76.2277784786842,363.2777599515746 74.83888964498479,362.5833155347249 74.83888964498479,361.8888711178752 74.14444522813508,361.8888711178752 74.14444522813508,361.8888711178752 74.14444522813508,361.19442670102546 72.75555639443567,361.19442670102546 72.75555639443567,360.49998228417576 71.36666756073632,359.80553786732605 69.2833343101872,359.1110934504764 62.33889014169017,357.72220461677693 60.95000130799075,357.0277601999272 60.255556891141055,357.0277601999272 60.255556891141055,357.0277601999272 60.255556891141055,356.3333157830775 60.255556891141055,356.3333157830775 59.56111247429135,356.3333157830775 58.86666805744164,355.6388713662278 56.783334806892526,354.2499825325284 56.08889039004285,353.5555381156787 54.00555713949373,352.861093698829 51.22777947209491,351.4722048651296 49.14444622154581,349.38887161458047 48.45000180469612,348.69442719773076 47.0611129709967,347.30553836403135 45.6722241372973,346.61109394718164 44.977779720447586,345.91664953033194 43.588890886748175,344.5277606966325 42.20000205304879,343.1388718629331 40.81111321934938,341.7499830292338 38.03333555195056,340.3610941955344 35.95000230140147,338.972205361835 33.86666905085235,336.8888721112859 33.172224634002646,336.1944276944362 32.47778021715294,335.49998327758647 31.78333580030323,334.80553886073676 31.08889138345353,333.41665002703735 30.39444696660385,332.72220561018764 30.39444696660385,332.02776119333794 29.00555813290444,329.9444279427888 29.00555813290444,327.8610946922397 29.00555813290444,326.4722058585403 28.311113716054738,325.0833170248409 28.311113716054738,323.69442819114147 28.311113716054738,322.99998377429176 27.61666929920503,321.61109494059235 27.61666929920503,320.91665052374265 27.61666929920503,320.22220610689294 27.61666929920503,318.83331727319353 27.61666929920503,317.4444284394941 27.61666929920503,316.0555396057948 26.922224882355327,314.6666507720954 26.227780465505617,313.277761938396 26.227780465505617,312.5833175215463 26.227780465505617,311.8888731046966 24.838891631806206,309.80553985414747 24.838891631806206,309.80553985414747 23.450002798106823,307.72220660359835 23.450002798106823,307.72220660359835 22.755558381257117,306.33331776989894 22.06111396440741,304.94442893619953 20.672225130708,302.8610956856504 19.977780713858294,300.7777624351013 19.977780713858294,300.0833180182516 19.977780713858294,298.6944291845522 19.977780713858294,297.30554035085277 19.977780713858294,295.22220710030365 21.366669547557706,293.83331826660424 22.06111396440741,292.4444294329048 22.06111396440741,291.05554059920553 22.755558381257117,289.6666517655061 22.755558381257117,288.9722073486564 22.755558381257117,287.583318514957 22.755558381257117,286.8888740981073 22.755558381257117,286.1944296812576 22.755558381257117,284.8055408475582 22.755558381257117,284.11109643070847 22.755558381257117,282.02776318015935 22.06111396440741,280.63887434645994 22.06111396440741,279.24998551276053 21.366669547557706,278.5555410959108 21.366669547557706,277.1666522622114 21.366669547557706,276.4722078453617 21.366669547557706,276.4722078453617 21.366669547557706,275.0833190116623 22.06111396440741,273.6944301779629 22.06111396440741,272.3055413442635 22.06111396440741,271.61109692741377 22.06111396440741,269.52776367686465 22.06111396440741,268.83331926001495 22.06111396440741,266.74998600946583 22.06111396440741,266.05554159261624 21.366669547557706,263.9722083420671 21.366669547557706,263.2777639252174 21.366669547557706,261.888875091518 21.366669547557706,260.4999862578186 21.366669547557706,259.1110974241192 21.366669547557706,258.4166530072695 21.366669547557706,257.72220859041977 21.366669547557706,256.33331975672036 21.366669547557706,254.94443092302092 21.366669547557706,254.2499865061712 21.366669547557706,252.16665325562215 21.366669547557706,251.47220883877242 21.366669547557706,249.38887558822333 22.06111396440741,248.69443117137362 22.06111396440741,247.3055423376742 22.06111396440741,246.6110979208245 22.06111396440741,245.22220908712507 22.06111396440741,243.13887583657598 22.755558381257117,242.44443141972627 22.755558381257117,241.05554258602686 22.755558381257117,240.3610981691772 22.755558381257117,238.9722093354778 23.450002798106823,237.5833205017784 23.450002798106823,236.8888760849287 23.450002798106823,236.8888760849287 23.450002798106823,236.19443166807898 23.450002798106823,235.49998725122927 24.14444721495653,234.11109841752986 24.14444721495653,234.11109841752986 24.14444721495653,232.72220958383045 24.14444721495653,231.33332075013104 24.14444721495653,229.94443191643163 24.14444721495653,229.24998749958192 24.838891631806206,227.86109866588257 24.838891631806206,226.47220983218313 24.838891631806206,225.77776541533345 24.838891631806206,224.38887658163404 24.838891631806206,222.99998774793463 24.838891631806206,222.99998774793463 24.838891631806206,221.61109891423519 24.838891631806206,220.22221008053583 24.838891631806206,220.22221008053583 24.14444721495653,219.5277656636861 24.14444721495653,218.83332124683642 24.14444721495653,218.83332124683642 24.14444721495653,218.13887682998669 24.14444721495653,217.44443241313698 24.14444721495653,216.74998799628727 24.14444721495653,216.74998799628727 24.14444721495653,215.36109916258783 24.14444721495653,214.66665474573819 24.838891631806206,213.27776591203883 24.838891631806206,213.27776591203883 25.533336048655915,211.8888770783394 26.227780465505617,211.8888770783394 26.227780465505617,211.19443266148969 26.922224882355327,211.19443266148969 28.311113716054738,209.11109941094057 29.70000254975415,208.41665499409083 31.08889138345353,207.72221057724116 31.78333580030323,207.02776616039148 32.47778021715294,206.33332174354175 32.47778021715294,205.63887732669204 32.47778021715294,205.63887732669204 33.172224634002646,205.63887732669204 34.56111346770206,204.24998849299268 35.25555788455176,202.86109965929325 35.95000230140147,202.86109965929325 35.95000230140147,202.16665524244354 37.33889113510085,201.47221082559383 38.03333555195056,201.47221082559383 38.03333555195056,201.47221082559383 38.03333555195056,201.47221082559383 39.42222438564997,200.7777664087441 40.81111321934938,200.7777664087441 42.8944464698985,201.47221082559383 44.977779720447586,201.47221082559383 46.366668554147,200.7777664087441 47.0611129709967,200.08332199189442 47.0611129709967,200.08332199189442 47.0611129709967,200.08332199189442 47.0611129709967,199.38887757504475 47.75555738784641,197.30554432449563 49.14444622154581,196.6110999076459 49.8388906383955,194.5277666570968 49.8388906383955,193.8333222402471 50.5333350552452,192.44443340654774 50.5333350552452,191.749988989698 50.5333350552452,190.3611001559986 50.5333350552452,188.27776690544948 50.5333350552452,186.88887807175007 50.5333350552452,185.4999892380507 50.5333350552452,184.80554482120095 50.5333350552452,183.4166559875016 50.5333350552452,182.72221157065187 49.8388906383955,181.33332273695245 49.8388906383955,180.63887832010275 49.14444622154581,179.2499894864034 48.45000180469612,177.86110065270395 47.0611129709967,176.47221181900454 45.6722241372973,174.38887856845543 44.28333530359788,173.69443415160575 42.8944464698985,171.61110090105663 41.505557636199086,170.22221206735722 40.81111321934938,168.8333232336578 39.42222438564997,168.1388788168081 38.72777996880026,167.44443439995842 38.72777996880026,167.44443439995842 38.03333555195056,166.74998998310872 38.03333555195056,166.74998998310872 37.33889113510085,166.055545566259 37.33889113510085,166.055545566259 36.644446718251174,166.055545566259 36.644446718251174,165.3611011494093 35.25555788455176,164.6666567325596 35.25555788455176,163.9722123157099 34.56111346770206,163.2777678988602 34.56111346770206,163.2777678988602 33.86666905085235,161.88887906516078 33.86666905085235,161.88887906516078 33.86666905085235,160.4999902314614 33.172224634002646,160.4999902314614 33.172224634002646,159.8055458146117 33.172224634002646,159.11110139776198 33.172224634002646,158.41665698091228 33.172224634002646,156.33332373036316 33.172224634002646,155.63887931351346 32.47778021715294,154.94443489666375 32.47778021715294,154.24999047981407 32.47778021715294,154.24999047981407 32.47778021715294,152.86110164611466 31.78333580030323,152.16665722926496 31.08889138345353,151.47221281241525 30.39444696660385,150.08332397871584 29.70000254975415,149.38887956186613 29.70000254975415,148.69443514501643 28.311113716054738,146.61110189446734 26.922224882355327,145.22221306076793 26.227780465505617,144.52776864391822 25.533336048655915,143.83332422706852 25.533336048655915,143.1388798102188 24.838891631806206,143.1388798102188 24.838891631806206,142.4444353933691 24.14444721495653,141.74999097651943 24.14444721495653,141.74999097651943 24.14444721495653,141.74999097651943 23.450002798106823,141.05554655966972 22.755558381257117,139.6666577259703 22.06111396440741,138.9722133091206 21.366669547557706,138.2777688922709 20.672225130708,137.5833244754212 19.977780713858294,136.19443564172178 19.28333629700859,134.8055468080224 19.28333629700859,133.416657974323 19.28333629700859,132.02776914062358 18.588891880158883,130.63888030692416 18.588891880158883,129.94443589007446 19.28333629700859,128.55554705637508 19.28333629700859,127.86110263952537 19.28333629700859,127.16665822267566 19.977780713858294,125.77776938897625 19.977780713858294,125.08332497212655 19.977780713858294,123.69443613842712 19.977780713858294,122.30554730472775 19.977780713858294,121.61110288787805 19.977780713858294,120.91665847102833 19.977780713858294,120.91665847102833 19.977780713858294,120.91665847102833 19.977780713858294,120.22221405417865 19.977780713858294,120.22221405417865 19.977780713858294,119.52776963732893 19.977780713858294,119.52776963732893 20.672225130708,119.52776963732893 20.672225130708,118.83332522047922 20.672225130708,118.13888080362952 20.672225130708,118.13888080362952 20.672225130708,117.44443638677981 20.672225130708,117.44443638677981 20.672225130708,116.74999196993015 20.672225130708,116.05554755308043 20.672225130708,115.36110313623072 20.672225130708,114.66665871938102 21.366669547557706,113.97221430253131 21.366669547557706,113.27776988568161 21.366669547557706,112.5833254688319 21.366669547557706,112.5833254688319 22.06111396440741,111.88888105198218 22.06111396440741,111.88888105198218 22.06111396440741,111.88888105198218 22.06111396440741,111.1944366351325 22.06111396440741,111.1944366351325 22.755558381257117,109.80554780143311 22.755558381257117,109.80554780143311 22.755558381257117,109.1111033845834 22.755558381257117,108.41665896773368 22.755558381257117,108.41665896773368 22.755558381257117,108.41665896773368 22.755558381257117,107.722214550884 22.755558381257117,107.722214550884 23.450002798106823,107.722214550884 23.450002798106823,107.722214550884 23.450002798106823,107.02777013403428 22.755558381257117,107.02777013403428 23.450002798106823,107.02777013403428 23.450002798106823,107.02777013403428 23.450002798106823,107.02777013403428 23.450002798106823,107.02777013403428 24.14444721495653,107.02777013403428 24.14444721495653,107.02777013403428 "
    />
  </>
);
export default Layer4;
